             (1,R1)       (2,R1)       (1,R2)       (2,R2)
  [1,] 2.971306e-03 9.835351e-04 9.960448e-01 3.305596e-07
  [2,] 7.204334e-04 3.486121e-04 9.989309e-01 1.724750e-08
  [3,] 1.680818e-03 7.453263e-04 9.975738e-01 1.009121e-07
  [4,] 2.759305e-03 1.376295e-03 9.958639e-01 5.378347e-07
  [5,] 6.409356e-03 4.437638e-03 9.891525e-01 5.437820e-07
  [6,] 7.506354e-03 5.040314e-03 9.874529e-01 4.339385e-07
  [7,] 1.442514e-02 7.402718e-03 9.781719e-01 1.998164e-07
  [8,] 1.211106e-03 5.444538e-04 9.982444e-01 4.957214e-08
  [9,] 1.286800e-03 6.411777e-04 9.980720e-01 2.898620e-08
 [10,] 7.280096e-03 3.639273e-03 9.890802e-01 3.878732e-07
 [11,] 3.864125e-03 2.214618e-03 9.939209e-01 3.555730e-07
 [12,] 6.245728e-03 3.714816e-03 9.900390e-01 4.186019e-07
 [13,] 2.233712e-02 4.272537e-03 9.733903e-01 2.069951e-08
 [14,] 4.990136e-03 1.480474e-03 9.935293e-01 8.429117e-08
 [15,] 3.931729e-04 1.436520e-04 9.994632e-01 4.417884e-09
 [16,] 9.733016e-04 3.940709e-04 9.986326e-01 2.777283e-08
 [17,] 1.013120e-02 4.794517e-03 9.850733e-01 1.010230e-06
 [18,] 5.999200e-02 2.673492e-02 9.132298e-01 4.327588e-05
 [19,] 5.186676e-02 4.515579e-02 9.028123e-01 1.651825e-04
 [20,] 4.553840e-01 3.748187e-01 1.592512e-01 1.054605e-02
 [21,] 4.520109e-01 4.364903e-01 1.009744e-01 1.052438e-02
 [22,] 4.286130e-03 2.618683e-03 9.930947e-01 5.229945e-07
 [23,] 3.327397e-03 2.061539e-03 9.946110e-01 4.154396e-08
 [24,] 3.390525e-03 2.081656e-03 9.945278e-01 1.305094e-08
 [25,] 3.622842e-02 4.524685e-05 9.637263e-01 7.274188e-13
 [26,] 4.060425e-03 2.262673e-03 9.936769e-01 1.466305e-08
 [27,] 6.154538e-03 2.951382e-03 9.908940e-01 8.365442e-08
 [28,] 1.600297e-03 7.556753e-04 9.976439e-01 1.007922e-07
 [29,] 1.389221e-03 6.197717e-04 9.979910e-01 3.534193e-09
 [30,] 1.164282e-03 6.157297e-04 9.982200e-01 2.158513e-08
 [31,] 7.295580e-03 3.284564e-03 9.894198e-01 9.872269e-08
 [32,] 1.894181e-02 1.114599e-03 9.799436e-01 6.887504e-10
 [33,] 5.169264e-03 1.267400e-03 9.935633e-01 4.920416e-09
 [34,] 7.687716e-03 1.412843e-03 9.908994e-01 2.662550e-09
 [35,] 1.266431e-02 6.181265e-04 9.867176e-01 2.554553e-10
 [36,] 8.818417e-03 2.358105e-03 9.888234e-01 3.414182e-08
 [37,] 1.133972e-02 7.036171e-03 9.816230e-01 1.098745e-06
 [38,] 6.783074e-02 3.338494e-02 8.987829e-01 1.367924e-06
 [39,] 1.645852e-01 8.162567e-02 7.537883e-01 8.062643e-07
 [40,] 2.668683e-01 1.244451e-01 6.086854e-01 1.162235e-06
 [41,] 5.717635e-01 4.111688e-01 1.705824e-02 9.483010e-06
 [42,] 3.181788e-04 9.980874e-01 6.220660e-11 1.594429e-03
 [43,] 9.130761e-06 9.980482e-01 5.724680e-16 1.942673e-03
 [44,] 3.709532e-01 7.668122e-04 6.282799e-01 1.578872e-11
 [45,] 3.713574e-01 1.997329e-05 6.286226e-01 3.391180e-15
 [46,] 3.712890e-01 6.216886e-08 6.287110e-01 3.831246e-20
 [47,] 2.411007e-01 1.346541e-05 7.588859e-01 7.557734e-15
 [48,] 2.411906e-01 2.332009e-08 7.588093e-01 6.809816e-21
 [49,] 2.412005e-01 3.855282e-10 7.587995e-01 2.130944e-24
 [50,] 2.412088e-01 2.518284e-08 7.587912e-01 9.282944e-21
 [51,] 2.411363e-01 3.511403e-08 7.588636e-01 1.142796e-20
 [52,] 2.411429e-01 2.362958e-07 7.588568e-01 8.251961e-19
 [53,] 2.412194e-01 1.790549e-07 7.587804e-01 3.456781e-19
 [54,] 2.412308e-01 1.448128e-06 7.587678e-01 3.187782e-17
 [55,] 3.360306e-04 1.182535e-04 9.995457e-01 9.066011e-09
 [56,] 5.549443e-03 3.635160e-03 9.908135e-01 1.944379e-06
 [57,] 9.728327e-03 5.956068e-03 9.843154e-01 1.995036e-07
 [58,] 1.214844e-02 6.474928e-03 9.813765e-01 1.002390e-07
 [59,] 4.329894e-02 5.943163e-07 9.567005e-01 9.489716e-17
 [60,] 4.338607e-02 1.189718e-08 9.566139e-01 9.031029e-21
 [61,] 4.353215e-02 7.957517e-13 9.564679e-01 5.114498e-29
 [62,] 1.262153e-04 3.407856e-05 9.998397e-01 5.507217e-10
 [63,] 1.079896e-03 3.668500e-04 9.985532e-01 6.963556e-09
 [64,] 1.946794e-02 8.979209e-04 9.796341e-01 6.572982e-10
 [65,] 3.061920e-02 1.774252e-05 9.693631e-01 5.781289e-14
 [66,] 3.224196e-03 1.328625e-03 9.954471e-01 4.218768e-08
 [67,] 7.902717e-03 4.032182e-03 9.880649e-01 2.388711e-07
 [68,] 3.255749e-04 6.407632e-05 9.996103e-01 8.958082e-10
 [69,] 3.741093e-04 7.700223e-05 9.995489e-01 1.948228e-09
 [70,] 2.282136e-05 1.610627e-06 9.999756e-01 4.526862e-12
 [71,] 8.803097e-05 1.965651e-05 9.998923e-01 2.886895e-10
 [72,] 7.909591e-04 2.499905e-04 9.989590e-01 1.966626e-09
 [73,] 8.310545e-04 2.568407e-04 9.989121e-01 9.866897e-10
 [74,] 1.206923e-03 2.972905e-04 9.984958e-01 1.022675e-09
 [75,] 2.342775e-03 3.611779e-04 9.972960e-01 2.927712e-10
 [76,] 2.903309e-03 3.857935e-04 9.967109e-01 1.812811e-10
 [77,] 5.623475e-03 6.494878e-04 9.937270e-01 1.161165e-09
 [78,] 3.980592e-04 7.900458e-05 9.995229e-01 1.173569e-09
 [79,] 3.533759e-04 4.439115e-05 9.996022e-01 1.081450e-10
 [80,] 2.848800e-04 2.913274e-05 9.996860e-01 6.553327e-12
 [81,] 2.065766e-03 1.352517e-04 9.977990e-01 1.274071e-10
 [82,] 4.247898e-04 2.984092e-05 9.995454e-01 1.203430e-11
 [83,] 2.963716e-03 1.095358e-04 9.969267e-01 2.302524e-11
 [84,] 4.517805e-03 1.611716e-04 9.953210e-01 3.459805e-11
 [85,] 2.207789e-03 7.517927e-05 9.977170e-01 1.164734e-11
 [86,] 6.806771e-03 1.036003e-04 9.930896e-01 1.051558e-11
 [87,] 3.634935e-03 1.462720e-04 9.962188e-01 4.175103e-11
 [88,] 7.166767e-06 2.636183e-07 9.999926e-01 2.049329e-13
 [89,] 5.589852e-05 3.100095e-06 9.999410e-01 8.638610e-12
 [90,] 3.581731e-02 1.452369e-03 9.627303e-01 1.180984e-09
 [91,] 7.941826e-05 8.128923e-06 9.999125e-01 2.468349e-11
 [92,] 5.383498e-03 2.028990e-03 9.925875e-01 3.770689e-08
 [93,] 2.487919e-02 2.948078e-04 9.748260e-01 3.808945e-11
 [94,] 2.628987e-04 5.337334e-05 9.996837e-01 6.386512e-10
 [95,] 1.097425e-02 4.254293e-03 9.847714e-01 6.220786e-08
 [96,] 7.521605e-04 2.159580e-04 9.990319e-01 5.110125e-09
 [97,] 1.502620e-03 4.160831e-04 9.980813e-01 1.312371e-09
 [98,] 7.691881e-03 9.516394e-04 9.913565e-01 1.625866e-09
 [99,] 2.550484e-03 5.240459e-04 9.969255e-01 7.932310e-10
[100,] 4.848662e-03 7.949334e-04 9.943564e-01 6.139509e-09
[101,] 1.764826e-04 1.716543e-05 9.998064e-01 8.701746e-11
[102,] 3.556254e-02 4.044111e-05 9.643970e-01 5.624265e-13
[103,] 2.230331e-05 1.218107e-06 9.999765e-01 1.857052e-12
[104,] 2.271879e-03 4.135797e-04 9.973145e-01 6.987557e-10
[105,] 6.572438e-03 6.511897e-04 9.927764e-01 6.973757e-10
[106,] 3.898047e-03 4.997026e-04 9.956022e-01 5.641477e-10
[107,] 1.266236e-02 1.933016e-04 9.871443e-01 2.234281e-11
[108,] 1.703427e-02 4.746298e-07 9.829653e-01 5.389030e-17
[109,] 1.716775e-02 2.040297e-08 9.828322e-01 6.774674e-20
[110,] 6.277803e-06 2.202257e-07 9.999935e-01 1.648058e-13
[111,] 6.416097e-05 6.829625e-06 9.999290e-01 1.812626e-11
[112,] 1.870032e-03 4.398232e-04 9.976901e-01 2.657817e-09
[113,] 1.788248e-02 2.997430e-04 9.818178e-01 4.917020e-11
[114,] 7.049672e-03 1.653901e-03 9.912964e-01 8.303691e-09
[115,] 1.335673e-04 2.319959e-05 9.998432e-01 1.940611e-11
[116,] 2.867849e-04 3.777226e-05 9.996754e-01 5.320079e-11
[117,] 3.700255e-03 3.197569e-04 9.959800e-01 1.867662e-10
[118,] 5.461633e-03 4.490952e-04 9.940893e-01 2.703052e-10
[119,] 2.394817e-03 3.223569e-04 9.972828e-01 3.781702e-10
[120,] 4.333536e-03 5.662412e-04 9.951002e-01 8.494549e-10
[121,] 8.396627e-04 6.783562e-05 9.990925e-01 9.133507e-11
[122,] 7.470321e-03 3.208102e-06 9.925265e-01 1.013115e-14
[123,] 7.660256e-03 4.800403e-08 9.923397e-01 8.134865e-19
[124,] 7.841205e-03 2.006687e-08 9.921588e-01 1.832252e-19
[125,] 8.252939e-03 2.877801e-07 9.917468e-01 3.727168e-17
[126,] 8.676558e-03 9.723215e-09 9.913234e-01 2.378254e-20
[127,] 8.703325e-03 3.413138e-08 9.912966e-01 5.107604e-19
[128,] 8.997924e-03 3.325873e-10 9.910021e-01 4.383980e-23
[129,] 9.021848e-03 2.522182e-14 9.909782e-01 2.472532e-31
[130,] 7.864654e-03 5.350097e-09 9.921353e-01 1.289108e-20
[131,] 7.981054e-03 3.978013e-08 9.920189e-01 4.437848e-19
[132,] 7.999092e-03 3.907861e-08 9.920009e-01 4.108459e-19
[133,] 7.999951e-03 3.987919e-09 9.920000e-01 7.054436e-21
[134,] 8.159772e-03 1.470136e-13 9.918402e-01 9.364646e-30
[135,] 8.305220e-03 5.385158e-08 9.916947e-01 1.264267e-18
[136,] 1.761007e-04 2.119336e-05 9.998027e-01 6.606666e-11
[137,] 1.926024e-04 2.906230e-05 9.997783e-01 4.580877e-11
[138,] 1.474270e-03 2.040292e-04 9.983217e-01 1.590810e-10
[139,] 2.394376e-03 2.663439e-04 9.973393e-01 1.124216e-10
[140,] 4.026436e-03 5.317499e-04 9.954418e-01 8.731609e-10
[141,] 3.390351e-03 2.823037e-04 9.963273e-01 2.101148e-10
[142,] 1.440092e-02 3.006978e-05 9.855690e-01 4.229034e-13
[143,] 1.451998e-02 4.966961e-07 9.854795e-01 1.077778e-16
[144,] 1.480349e-02 3.958197e-12 9.851965e-01 1.099159e-27
[145,] 1.480469e-02 2.236148e-10 9.851953e-01 1.231568e-23
[146,] 1.482280e-03 1.276630e-04 9.983901e-01 5.710774e-11
[147,] 4.632428e-03 1.070443e-03 9.942971e-01 6.860385e-09
[148,] 5.276571e-03 3.911068e-04 9.943323e-01 8.334090e-10
[149,] 6.872963e-01 2.240455e-01 8.864563e-02 1.260456e-05
[150,] 2.518871e-03 3.680978e-04 9.971130e-01 3.318752e-10
[151,] 8.196197e-03 1.191190e-04 9.916847e-01 1.296987e-11
[152,] 1.023422e-02 2.275365e-05 9.897430e-01 1.895301e-13
[153,] 1.315158e-02 9.678051e-09 9.868484e-01 2.968648e-20
[154,] 1.193637e-02 1.313488e-06 9.880623e-01 5.400082e-16
[155,] 1.293487e-02 2.134819e-11 9.870651e-01 1.286739e-25
[156,] 1.295053e-02 1.300545e-10 9.870495e-01 4.705799e-24
[157,] 2.611942e-03 3.504690e-04 9.970376e-01 1.988204e-10
[158,] 3.155528e-03 3.268227e-04 9.965176e-01 1.899569e-10
[159,] 5.716507e-03 1.802464e-04 9.941032e-01 3.130831e-11
[160,] 1.054616e-02 2.328559e-05 9.894306e-01 2.593882e-13
[161,] 1.149506e-02 8.806340e-06 9.884961e-01 2.180129e-14
[162,] 7.473589e-03 1.761337e-04 9.923503e-01 1.950200e-11
[163,] 1.573229e-02 1.483919e-06 9.842662e-01 7.349046e-16
[164,] 1.601388e-02 7.254932e-11 9.839861e-01 9.731586e-25
[165,] 2.795040e-01 1.851556e-01 5.353193e-01 2.107942e-05
[166,] 2.947778e-01 1.430967e-01 5.619848e-01 1.406370e-04
[167,] 2.432289e-03 8.840135e-01 1.115759e-08 1.135542e-01
[168,] 1.218873e-01 7.671645e-02 8.013827e-01 1.355812e-05
[169,] 8.102600e-02 6.808414e-02 8.508830e-01 6.913607e-06
[170,] 8.074657e-02 6.363609e-02 8.556148e-01 2.509245e-06
[171,] 1.570267e-01 3.675279e-05 8.429366e-01 1.163181e-13
[172,] 4.333244e-02 2.606230e-02 9.306039e-01 1.359723e-06
[173,] 2.758799e-02 1.885254e-02 9.535594e-01 7.493121e-08
[174,] 2.796982e-02 1.975723e-02 9.522725e-01 4.981839e-07
[175,] 2.635900e-02 1.760975e-02 9.560311e-01 1.162992e-07
[176,] 2.803848e-02 1.607471e-02 9.558867e-01 1.682264e-07
[177,] 5.193944e-02 1.792633e-03 9.462679e-01 5.727990e-10
[178,] 5.689267e-01 3.806809e-01 5.030951e-02 8.280638e-05
[179,] 4.929349e-01 4.963512e-01 7.114035e-03 3.599818e-03
[180,] 5.890008e-01 4.026639e-01 8.309756e-03 2.554868e-05
[181,] 4.257228e-01 5.713832e-01 2.736420e-03 1.575170e-04
[182,] 7.389069e-01 2.059920e-01 5.510068e-02 4.282074e-07
[183,] 8.674486e-01 5.575083e-02 7.680051e-02 1.318143e-08
[184,] 5.061727e-01 4.778126e-01 1.593720e-02 7.751264e-05
[185,] 5.925464e-01 3.828760e-01 2.455268e-02 2.488536e-05
[186,] 8.161340e-01 1.071879e-01 7.667788e-02 1.274788e-07
[187,] 6.224464e-01 3.622698e-01 1.513089e-02 1.528856e-04
[188,] 9.118038e-01 4.977221e-02 3.842394e-02 4.071467e-08
[189,] 5.108960e-01 4.818719e-01 7.207781e-03 2.428067e-05
[190,] 6.873439e-01 3.079983e-01 4.306373e-03 3.514630e-04
[191,] 5.219019e-01 4.696585e-01 8.431414e-03 8.155905e-06
[192,] 4.710885e-01 3.643659e-01 1.645174e-01 2.824697e-05
[193,] 5.221892e-01 4.712317e-01 6.571455e-03 7.655483e-06
[194,] 5.145799e-01 4.830286e-01 2.355075e-03 3.642041e-05
[195,] 5.276891e-01 4.695410e-01 1.845594e-03 9.242720e-04
[196,] 7.043693e-01 2.941252e-01 1.502131e-03 3.359305e-06
[197,] 7.240894e-01 2.757675e-01 1.193762e-04 2.371240e-05
[198,] 7.508873e-02 9.043731e-01 3.689803e-08 2.053812e-02
[199,] 9.307931e-01 6.864811e-02 5.587649e-04 1.856176e-08
[200,] 9.370229e-01 3.091316e-02 3.206398e-02 3.942591e-09
[201,] 9.417540e-01 9.112732e-03 4.913329e-02 3.015884e-10
[202,] 9.334974e-01 8.942936e-03 5.755966e-02 3.610704e-10
[203,] 9.559092e-01 4.355470e-02 5.361288e-04 2.247231e-09
[204,] 9.649452e-01 3.462301e-02 4.317909e-04 1.175594e-09
[205,] 9.519367e-01 3.274936e-02 1.531389e-02 5.146240e-09
[206,] 9.423760e-01 5.761329e-02 1.066094e-05 4.574776e-09
[207,] 8.074702e-01 1.925183e-01 1.021708e-05 1.230080e-06
[208,] 9.624227e-01 3.751704e-02 6.030248e-05 2.282523e-09
[209,] 9.502287e-01 4.973051e-02 4.076722e-05 1.110137e-09
[210,] 8.768473e-01 1.231333e-01 1.902774e-05 3.810930e-07
[211,] 6.201971e-02 9.361673e-01 1.453419e-09 1.813014e-03
[212,] 6.097668e-03 9.896906e-01 1.167215e-11 4.211701e-03
