             (1,R1)       (2,R1)       (1,R2)       (2,R2)
  [1,] 2.463333e-01 3.147778e-01 1.581840e-01 2.807049e-01
  [2,] 2.492405e-01 3.136607e-01 1.708365e-01 2.662624e-01
  [3,] 2.445796e-01 2.956660e-01 2.212318e-01 2.385226e-01
  [4,] 2.426271e-01 2.964546e-01 2.278666e-01 2.330516e-01
  [5,] 2.593470e-01 2.257175e-01 4.381644e-01 7.677105e-02
  [6,] 2.703874e-01 2.344491e-01 4.191125e-01 7.605099e-02
  [7,] 3.125634e-01 2.952555e-01 2.729613e-01 1.192198e-01
  [8,] 2.551681e-01 3.038571e-01 1.741204e-01 2.668545e-01
  [9,] 2.625055e-01 2.802796e-01 2.119184e-01 2.452965e-01
 [10,] 2.425930e-01 2.032853e-01 4.517221e-01 1.023997e-01
 [11,] 2.516473e-01 3.119640e-01 1.452884e-01 2.911004e-01
 [12,] 2.574666e-01 2.907237e-01 1.594112e-01 2.923985e-01
 [13,] 3.875352e-01 3.062690e-02 5.772554e-01 4.582489e-03
 [14,] 2.353495e-01 3.136981e-01 1.423613e-01 3.085911e-01
 [15,] 2.249406e-01 3.005951e-01 1.318978e-01 3.425665e-01
 [16,] 2.256761e-01 3.141005e-01 9.708961e-02 3.631338e-01
 [17,] 2.052275e-01 2.983555e-01 1.001590e-01 3.962579e-01
 [18,] 2.089629e-01 2.837825e-01 1.531280e-01 3.541266e-01
 [19,] 2.040303e-01 2.516758e-01 2.409677e-01 3.033262e-01
 [20,] 2.116543e-01 2.403874e-01 3.410771e-01 2.068812e-01
 [21,] 2.539893e-01 2.565408e-01 2.846391e-01 2.048308e-01
 [22,] 1.009363e-01 2.318462e-01 8.718839e-03 6.584987e-01
 [23,] 6.384841e-02 2.181425e-01 7.375442e-04 7.172716e-01
 [24,] 5.467836e-02 2.141179e-01 1.963728e-04 7.310073e-01
 [25,] 1.071314e-04 2.850080e-01 4.246746e-07 7.148845e-01
 [26,] 5.130891e-02 2.113827e-01 1.769609e-04 7.371314e-01
 [27,] 5.282298e-02 2.075774e-01 6.505105e-04 7.389491e-01
 [28,] 2.397558e-01 3.334272e-01 6.102293e-02 3.657941e-01
 [29,] 2.242727e-01 3.671626e-01 1.404560e-02 3.945191e-01
 [30,] 2.283001e-01 3.740334e-01 1.375792e-02 3.839086e-01
 [31,] 1.933339e-01 3.937032e-01 2.929484e-02 3.836681e-01
 [32,] 1.422560e-02 5.384826e-01 1.099020e-04 4.471819e-01
 [33,] 2.754466e-01 3.485065e-01 2.855655e-02 3.474903e-01
 [34,] 1.298314e-01 4.836843e-01 2.278178e-03 3.842061e-01
 [35,] 5.690189e-01 2.903381e-02 3.951019e-01 6.845375e-03
 [36,] 2.040532e-01 3.614103e-01 1.202641e-02 4.225101e-01
 [37,] 2.380119e-01 3.177670e-01 6.184282e-02 3.823782e-01
 [38,] 1.240785e-01 3.319637e-01 2.672872e-03 5.412849e-01
 [39,] 5.865881e-02 3.266419e-01 2.820861e-04 6.144173e-01
 [40,] 4.044692e-02 3.277481e-01 1.310857e-04 6.316739e-01
 [41,] 1.889903e-04 3.596601e-01 2.567253e-07 6.401507e-01
 [42,] 1.118414e-07 3.596870e-01 8.525795e-11 6.403129e-01
 [43,] 7.109783e-08 3.596670e-01 1.021980e-10 6.403329e-01
 [44,] 1.349285e-04 3.512033e-01 2.839298e-07 6.486614e-01
 [45,] 2.337570e-06 3.511035e-01 2.513580e-09 6.488942e-01
 [46,] 7.631909e-09 3.510504e-01 1.145236e-11 6.489496e-01
 [47,] 4.136477e-06 3.658990e-01 7.902145e-09 6.340968e-01
 [48,] 4.514801e-09 3.658792e-01 4.218417e-12 6.341208e-01
 [49,] 7.432171e-11 3.658765e-01 9.207903e-14 6.341235e-01
 [50,] 5.231327e-09 3.658743e-01 7.180062e-12 6.341257e-01
 [51,] 5.882009e-09 3.658622e-01 3.501773e-12 6.341378e-01
 [52,] 4.811199e-08 3.658507e-01 6.610878e-11 6.341492e-01
 [53,] 2.851800e-08 3.657698e-01 2.534979e-11 6.342301e-01
 [54,] 2.904542e-07 3.657586e-01 4.134374e-10 6.342411e-01
 [55,] 1.980965e-01 2.483915e-01 2.230926e-01 3.304194e-01
 [56,] 2.060986e-01 2.181920e-01 4.404972e-01 1.352122e-01
 [57,] 3.256962e-01 1.817034e-01 4.337335e-01 5.886691e-02
 [58,] 3.466627e-01 1.996548e-01 3.842275e-01 6.945498e-02
 [59,] 4.670166e-06 6.261990e-01 8.346614e-08 3.737962e-01
 [60,] 3.713729e-08 6.260268e-01 3.009860e-11 3.739732e-01
 [61,] 1.571424e-12 6.257343e-01 7.318967e-16 3.742657e-01
 [62,] 1.962679e-01 1.289280e-01 2.797079e-01 3.950962e-01
 [63,] 2.041263e-01 2.267454e-01 5.846777e-02 5.106605e-01
 [64,] 7.581163e-03 3.977984e-01 8.072981e-05 5.945397e-01
 [65,] 4.394750e-05 3.967498e-01 5.906440e-08 6.032062e-01
 [66,] 1.803019e-01 2.727014e-01 3.203408e-02 5.149626e-01
 [67,] 1.898234e-01 2.790028e-01 5.486963e-02 4.763042e-01
 [68,] 1.115234e-01 5.277770e-02 6.874977e-01 1.482012e-01
 [69,] 7.617429e-02 3.184995e-02 7.951996e-01 9.677615e-02
 [70,] 5.713621e-03 6.415161e-04 9.842702e-01 9.374691e-03
 [71,] 2.522204e-03 3.569034e-04 9.942976e-01 2.823294e-03
 [72,] 6.920811e-03 5.368822e-04 9.919336e-01 6.087298e-04
 [73,] 7.028979e-03 4.318048e-04 9.922814e-01 2.577915e-04
 [74,] 8.932421e-03 3.605215e-04 9.905457e-01 1.613559e-04
 [75,] 1.375533e-02 2.221000e-04 9.859806e-01 4.201226e-05
 [76,] 1.570241e-02 2.128066e-04 9.840574e-01 2.735054e-05
 [77,] 2.382918e-02 4.859523e-04 9.755849e-01 1.000012e-04
 [78,] 4.463113e-03 5.079676e-04 9.930733e-01 1.955631e-03
 [79,] 4.871449e-03 1.187764e-04 9.948247e-01 1.850427e-04
 [80,] 4.598499e-03 3.524587e-05 9.953526e-01 1.364777e-05
 [81,] 1.048177e-02 1.447607e-04 9.892983e-01 7.519814e-05
 [82,] 5.715119e-03 3.161953e-05 9.942370e-01 1.630604e-05
 [83,] 1.547548e-02 6.516770e-05 9.844428e-01 1.654175e-05
 [84,] 2.021137e-02 8.760962e-05 9.796849e-01 1.609941e-05
 [85,] 1.364180e-02 4.459093e-05 9.863028e-01 1.076737e-05
 [86,] 2.661815e-02 5.402058e-05 9.733181e-01 9.703988e-06
 [87,] 1.811254e-02 9.413343e-05 9.817728e-01 2.055751e-05
 [88,] 2.153513e-03 2.278558e-04 9.949434e-01 2.675244e-03
 [89,] 4.398394e-03 3.961756e-04 9.924640e-01 2.741414e-03
 [90,] 9.823120e-02 8.234435e-04 9.008613e-01 8.407166e-05
 [91,] 8.252799e-03 6.649959e-04 9.872478e-01 3.834408e-03
 [92,] 1.605645e-01 4.986985e-02 7.273681e-01 6.219759e-02
 [93,] 2.169026e-01 8.097726e-04 7.821892e-01 9.847708e-05
 [94,] 5.704851e-03 8.254355e-04 9.915104e-01 1.959360e-03
 [95,] 4.070682e-02 4.715106e-03 9.533883e-01 1.189791e-03
 [96,] 7.214904e-03 1.048296e-03 9.901018e-01 1.635005e-03
 [97,] 1.086136e-02 5.308104e-04 9.884176e-01 1.901849e-04
 [98,] 3.101470e-02 7.193582e-04 9.681287e-01 1.372175e-04
 [99,] 1.449869e-02 5.653533e-04 9.848197e-01 1.162757e-04
[100,] 2.132295e-02 9.685916e-04 9.773756e-01 3.328621e-04
[101,] 2.030795e-03 1.095699e-04 9.968541e-01 1.005538e-03
[102,] 8.800821e-02 1.764763e-05 9.119725e-01 1.691697e-06
[103,] 5.787405e-04 1.567030e-05 9.991685e-01 2.370997e-04
[104,] 1.484663e-02 3.320323e-04 9.847073e-01 1.140276e-04
[105,] 2.837686e-02 4.488424e-04 9.710950e-01 7.927166e-05
[106,] 2.079613e-02 3.729608e-04 9.787572e-01 7.371855e-05
[107,] 4.430616e-02 9.414170e-05 9.555893e-01 1.042079e-05
[108,] 5.361290e-02 1.551639e-07 9.463869e-01 1.029567e-08
[109,] 5.389056e-02 5.142305e-09 9.461094e-01 2.780487e-10
[110,] 3.774189e-04 8.214323e-06 9.994998e-01 1.145386e-04
[111,] 3.200888e-03 1.510869e-04 9.961962e-01 4.518261e-04
[112,] 1.094777e-02 7.239322e-04 9.878493e-01 4.789784e-04
[113,] 5.509149e-02 1.500246e-04 9.447403e-01 1.820777e-05
[114,] 2.857913e-02 1.565215e-03 9.694801e-01 3.755072e-04
[115,] 3.466938e-02 2.326827e-03 9.591509e-01 3.852937e-03
[116,] 2.962685e-02 1.481398e-03 9.681513e-01 7.404383e-04
[117,] 3.937743e-02 7.237860e-04 9.598316e-01 6.719433e-05
[118,] 4.417474e-02 6.658493e-04 9.551133e-01 4.608872e-05
[119,] 3.380225e-02 1.303326e-03 9.647529e-01 1.414808e-04
[120,] 3.909870e-02 1.328257e-03 9.594586e-01 1.144676e-04
[121,] 8.643275e-02 8.589923e-03 8.845279e-01 2.044938e-02
[122,] 2.838968e-04 2.977546e-01 2.171278e-05 7.019398e-01
[123,] 1.314514e-06 2.977800e-01 5.169754e-09 7.022187e-01
[124,] 1.126112e-07 2.977871e-01 1.813215e-10 7.022127e-01
[125,] 1.446747e-06 2.978132e-01 2.829045e-09 7.021854e-01
[126,] 3.272465e-08 2.978863e-01 3.209478e-11 7.021137e-01
[127,] 1.468819e-07 2.978915e-01 2.879050e-10 7.021084e-01
[128,] 1.531860e-09 2.980088e-01 2.825823e-12 7.019912e-01
[129,] 1.126045e-13 2.980181e-01 2.028091e-16 7.019819e-01
[130,] 2.802449e-08 2.977378e-01 4.649135e-11 7.022622e-01
[131,] 1.430035e-07 2.977289e-01 1.582845e-10 7.022709e-01
[132,] 1.391192e-07 2.977329e-01 1.497878e-10 7.022670e-01
[133,] 1.999205e-08 2.977847e-01 3.618901e-11 7.022153e-01
[134,] 7.397130e-13 2.978463e-01 1.355096e-15 7.021537e-01
[135,] 2.685863e-07 2.978933e-01 5.100978e-10 7.021065e-01
[136,] 1.534887e-03 4.206104e-05 9.981948e-01 2.282343e-04
[137,] 1.619543e-03 3.901160e-05 9.982531e-01 8.834421e-05
[138,] 1.083480e-02 1.282190e-04 9.889923e-01 4.472223e-05
[139,] 1.423436e-02 1.540144e-04 9.855865e-01 2.513871e-05
[140,] 1.962326e-02 4.155042e-04 9.798681e-01 9.308934e-05
[141,] 1.759239e-02 1.977822e-04 9.821605e-01 4.929309e-05
[142,] 4.488428e-02 1.294508e-05 9.551013e-01 1.495324e-06
[143,] 4.459167e-02 2.082741e-07 9.554081e-01 2.394204e-08
[144,] 4.521069e-02 6.513178e-13 9.547893e-01 2.405538e-14
[145,] 4.521331e-02 7.431003e-11 9.547867e-01 6.004094e-12
[146,] 4.738744e-03 8.372187e-05 9.951345e-01 4.305708e-05
[147,] 1.617013e-02 8.728215e-04 9.825462e-01 4.108595e-04
[148,] 1.141560e-02 2.584215e-04 9.881962e-01 1.297843e-04
[149,] 6.114290e-02 1.539387e-04 9.386861e-01 1.708744e-05
[150,] 5.368472e-02 1.239379e-03 9.446926e-01 3.833058e-04
[151,] 6.791148e-02 1.668382e-04 9.319106e-01 1.111543e-05
[152,] 7.233998e-02 1.749932e-05 9.276418e-01 7.006140e-07
[153,] 7.810456e-02 6.598398e-09 9.218954e-01 3.014915e-10
[154,] 7.572159e-02 8.464852e-07 9.242775e-01 3.677535e-08
[155,] 7.765507e-02 1.383175e-11 9.223449e-01 6.237706e-13
[156,] 7.768513e-02 8.545850e-11 9.223149e-01 3.895213e-12
[157,] 8.406363e-02 3.365614e-03 9.107391e-01 1.831641e-03
[158,] 1.264694e-01 1.228840e-02 8.450667e-01 1.617553e-02
[159,] 1.335796e-01 1.040056e-03 8.651848e-01 1.955928e-04
[160,] 1.408484e-01 4.392520e-05 8.591063e-01 1.308551e-06
[161,] 1.422183e-01 1.062226e-05 8.577709e-01 1.959779e-07
[162,] 1.360529e-01 5.260574e-04 8.633964e-01 2.456108e-05
[163,] 1.480393e-01 2.098510e-06 8.519585e-01 4.966062e-08
[164,] 1.484377e-01 6.227064e-11 8.515623e-01 1.079560e-12
[165,] 2.216308e-01 2.249668e-01 1.726234e-01 3.807790e-01
[166,] 2.238373e-01 2.760082e-01 5.278271e-02 4.473718e-01
[167,] 2.666008e-04 4.537792e-01 1.417425e-06 5.459527e-01
[168,] 2.091427e-01 2.973685e-01 3.011196e-02 4.633768e-01
[169,] 1.954660e-01 3.050499e-01 4.129892e-02 4.581852e-01
[170,] 1.417384e-01 3.448524e-01 7.956048e-03 5.054532e-01
[171,] 2.585206e-05 4.505225e-01 6.277398e-08 5.494516e-01
[172,] 1.621327e-01 3.228036e-01 3.998393e-03 5.110653e-01
[173,] 1.702738e-01 3.102703e-01 3.583758e-03 5.158721e-01
[174,] 1.335339e-01 3.310950e-01 1.469446e-03 5.339016e-01
[175,] 2.105608e-01 2.739151e-01 2.809397e-02 4.874301e-01
[176,] 3.049512e-01 1.553682e-01 4.253415e-01 1.143391e-01
[177,] 4.231287e-01 4.497481e-03 5.718251e-01 5.486328e-04
[178,] 1.745679e-01 1.409070e-01 5.041328e-01 1.803923e-01
[179,] 1.025201e-01 5.712471e-02 7.946182e-01 4.573696e-02
[180,] 9.265289e-02 6.659958e-03 8.995435e-01 1.143700e-03
[181,] 1.050639e-01 1.976395e-03 8.928644e-01 9.532669e-05
[182,] 9.698083e-02 2.764017e-03 9.001100e-01 1.451729e-04
[183,] 1.069287e-01 5.670081e-04 8.924883e-01 1.602773e-05
[184,] 1.774429e-01 1.416158e-01 5.677534e-01 1.131880e-01
[185,] 1.155162e-01 1.976745e-02 8.599258e-01 4.790581e-03
[186,] 1.391787e-01 2.967685e-03 8.576937e-01 1.599069e-04
[187,] 1.224742e-01 6.369278e-03 8.707553e-01 4.012718e-04
[188,] 1.361194e-01 6.041743e-04 8.632617e-01 1.480549e-05
[189,] 2.449842e-01 1.779257e-01 4.853737e-01 9.171633e-02
[190,] 2.771732e-01 2.308011e-02 6.975819e-01 2.164805e-03
[191,] 2.991074e-01 2.120141e-01 3.910571e-01 9.782140e-02
[192,] 2.556310e-01 1.016289e-01 6.272845e-01 1.545560e-02
[193,] 4.287998e-01 3.410967e-01 8.599878e-02 1.441047e-01
[194,] 3.938036e-01 4.303559e-01 4.271181e-02 1.331286e-01
[195,] 3.636566e-01 4.531384e-01 4.078522e-02 1.424198e-01
[196,] 6.218575e-02 8.160404e-01 1.766950e-04 1.215971e-01
[197,] 2.934955e-02 8.602789e-01 7.454592e-06 1.103641e-01
[198,] 3.845687e-03 8.370156e-01 1.125260e-06 1.591376e-01
[199,] 3.671541e-02 8.640132e-01 5.637635e-06 9.926572e-02
[200,] 4.107330e-02 8.545705e-01 1.538161e-05 1.043408e-01
[201,] 1.212050e-01 7.719534e-01 7.055834e-04 1.061361e-01
[202,] 2.195998e-02 8.583154e-01 1.169855e-05 1.197129e-01
[203,] 5.670887e-02 8.449506e-01 1.062921e-04 9.823427e-02
[204,] 4.317306e-02 8.549226e-01 3.885599e-05 1.018655e-01
[205,] 1.411890e-01 7.545232e-01 1.153474e-03 1.031343e-01
[206,] 6.385713e-03 8.741204e-01 8.621276e-07 1.194930e-01
[207,] 3.041067e-04 8.639926e-01 3.669368e-08 1.357033e-01
[208,] 1.046684e-03 8.553228e-01 1.735473e-07 1.436304e-01
[209,] 1.308115e-04 8.467802e-01 1.579253e-08 1.530890e-01
[210,] 4.790549e-05 8.421618e-01 6.599457e-09 1.577903e-01
[211,] 3.104384e-05 8.367581e-01 4.930067e-09 1.632108e-01
[212,] 3.011936e-05 8.325433e-01 5.217017e-09 1.674266e-01
