           (1,R1)       (2,R1)       (1,R2)       (2,R2)
  [1,] 0.78702575 9.628559e-02 0.1164743493 2.143167e-04
  [2,] 0.82145951 9.991676e-02 0.0785172476 1.064839e-04
  [3,] 0.83605339 1.029104e-01 0.0608448176 1.914406e-04
  [4,] 0.82681635 1.023629e-01 0.0701893688 6.313483e-04
  [5,] 0.82668886 1.020529e-01 0.0709235417 3.346600e-04
  [6,] 0.83397634 1.028986e-01 0.0628661906 2.588694e-04
  [7,] 0.77533422 9.220540e-02 0.1307629435 1.697443e-03
  [8,] 0.81650818 1.009247e-01 0.0820957466 4.714056e-04
  [9,] 0.81876330 1.011355e-01 0.0797004053 4.008229e-04
 [10,] 0.83588928 1.030888e-01 0.0608056687 2.162781e-04
 [11,] 0.73934767 9.161760e-02 0.1670972341 1.937501e-03
 [12,] 0.70075206 8.671387e-02 0.2107780413 1.756023e-03
 [13,] 0.66380274 5.386543e-02 0.2813955830 9.362446e-04
 [14,] 0.75347378 9.327839e-02 0.1513666674 1.881160e-03
 [15,] 0.72147926 8.925767e-02 0.1879505837 1.312486e-03
 [16,] 0.72514511 8.930974e-02 0.1849223922 6.227559e-04
 [17,] 0.65251945 8.077694e-02 0.2645267396 2.176876e-03
 [18,] 0.62785664 7.756717e-02 0.2930412469 1.534946e-03
 [19,] 0.53148086 6.537225e-02 0.4019969540 1.149943e-03
 [20,] 0.55479671 6.835640e-02 0.3755464996 1.300394e-03
 [21,] 0.51470864 6.322737e-02 0.4209012073 1.162782e-03
 [22,] 0.52491554 6.475038e-02 0.4086461755 1.687898e-03
 [23,] 0.50053529 6.157721e-02 0.4363523543 1.535147e-03
 [24,] 0.49373890 6.064701e-02 0.4441808711 1.433218e-03
 [25,] 0.53754610 8.326858e-04 0.4616086820 1.253097e-05
 [26,] 0.48972973 6.000735e-02 0.4489561723 1.306745e-03
 [27,] 0.48586792 5.925461e-02 0.4537255229 1.151946e-03
 [28,] 0.81357930 9.960534e-02 0.0866478993 1.674599e-04
 [29,] 0.83871646 1.025758e-01 0.0586017870 1.059649e-04
 [30,] 0.83953709 1.035033e-01 0.0566944188 2.651520e-04
 [31,] 0.85584632 1.200902e-01 0.0235339964 5.294392e-04
 [32,] 0.65888056 3.324153e-01 0.0036378315 5.066329e-03
 [33,] 0.75866261 7.807304e-02 0.1615611358 1.703215e-03
 [34,] 0.75389576 7.092610e-02 0.1738631209 1.315023e-03
 [35,] 0.78019523 3.529004e-02 0.1839217138 5.930202e-04
 [36,] 0.83719370 1.033253e-01 0.0591337642 3.472578e-04
 [37,] 0.78956039 9.787846e-02 0.1108075482 1.753602e-03
 [38,] 0.84317476 1.043169e-01 0.0522188069 2.895066e-04
 [39,] 0.78742848 9.413948e-02 0.1161824754 2.249562e-03
 [40,] 0.77425496 8.634283e-02 0.1375359747 1.866230e-03
 [41,] 0.83032116 2.284719e-03 0.1673574904 3.662638e-05
 [42,] 0.83122426 5.780653e-06 0.1687698969 5.940715e-08
 [43,] 0.83101227 3.205155e-06 0.1689845225 3.976740e-09
 [44,] 0.80964570 1.534804e-03 0.1887949728 2.452351e-05
 [45,] 0.80945065 1.009205e-04 0.1904476903 7.397446e-07
 [46,] 0.80893135 3.469364e-07 0.1910682995 6.866854e-10
 [47,] 0.82828395 4.664173e-05 0.1716686537 7.546668e-07
 [48,] 0.82807093 2.158914e-07 0.1719288569 1.420160e-09
 [49,] 0.82803925 4.646557e-09 0.1719607423 5.094894e-12
 [50,] 0.82801227 2.276773e-07 0.1719875020 5.795350e-12
 [51,] 0.82814333 4.506531e-07 0.1718562156 4.341528e-09
 [52,] 0.82808819 2.209779e-06 0.1719096014 1.969541e-09
 [53,] 0.82764204 2.779283e-06 0.1723551805 9.333522e-10
 [54,] 0.82756648 1.274687e-05 0.1724207705 1.379377e-09
 [55,] 0.63897385 7.913459e-02 0.2792751511 2.616407e-03
 [56,] 0.72798834 8.891548e-02 0.1827935218 3.026645e-04
 [57,] 0.82055778 1.032525e-01 0.0759317164 2.579734e-04
 [58,] 0.82710412 1.214535e-01 0.0508015388 6.408862e-04
 [59,] 0.88163388 1.616455e-05 0.1183497131 2.427681e-07
 [60,] 0.88152505 7.498015e-07 0.1184741961 6.204575e-09
 [61,] 0.88131985 4.382069e-11 0.1186801517 1.332739e-14
 [62,] 0.28719683 3.557829e-02 0.6702031018 7.021776e-03
 [63,] 0.28751820 3.492523e-02 0.6763351053 1.221466e-03
 [64,] 0.33063410 1.059808e-02 0.6585924777 1.753481e-04
 [65,] 0.34842380 3.276229e-04 0.6512448459 3.732594e-06
 [66,] 0.29276729 3.540122e-02 0.6710880346 7.434537e-04
 [67,] 0.30226543 3.642968e-02 0.6606390403 6.658467e-04
 [68,] 0.20462917 2.530433e-02 0.7651337060 4.932794e-03
 [69,] 0.16042347 1.982399e-02 0.8152667872 4.485745e-03
 [70,] 0.03786409 4.672471e-03 0.9533546585 4.108779e-03
 [71,] 0.04449218 5.121326e-03 0.9500328008 3.536933e-04
 [72,] 0.07832278 8.693510e-03 0.9127458136 2.379000e-04
 [73,] 0.08329572 9.188436e-03 0.9072772933 2.385548e-04
 [74,] 0.09126821 9.660593e-03 0.8988445658 2.266326e-04
 [75,] 0.10335964 9.513376e-03 0.8869338696 1.931147e-04
 [76,] 0.10666152 9.316628e-03 0.8838442854 1.775655e-04
 [77,] 0.11679563 8.864779e-03 0.8741967961 1.427981e-04
 [78,] 0.05292346 5.922159e-03 0.9409164925 2.378922e-04
 [79,] 0.06519243 6.477548e-03 0.9280944758 2.355409e-04
 [80,] 0.06807352 6.206364e-03 0.9255124574 2.076597e-04
 [81,] 0.07456919 6.593296e-03 0.9186836430 1.538745e-04
 [82,] 0.07143421 5.972508e-03 0.9224211216 1.721649e-04
 [83,] 0.08341626 5.163429e-03 0.9113250767 9.523515e-05
 [84,] 0.08816949 4.779758e-03 0.9069756219 7.513054e-05
 [85,] 0.08251969 4.997956e-03 0.9123850238 9.733487e-05
 [86,] 0.09545054 2.732249e-03 0.9017787208 3.848766e-05
 [87,] 0.08676422 5.097393e-03 0.9080572590 8.112637e-05
 [88,] 0.02679739 3.269360e-03 0.9678221208 2.111130e-03
 [89,] 0.03093919 3.406527e-03 0.9647045222 9.497596e-04
 [90,] 0.15459949 4.284487e-03 0.8410520920 6.392950e-05
 [91,] 0.03501371 3.736367e-03 0.9607498151 5.001098e-04
 [92,] 0.07318249 7.646627e-03 0.9190338081 1.370760e-04
 [93,] 0.12429920 1.489281e-03 0.8741905914 2.092738e-05
 [94,] 0.04647944 4.919782e-03 0.9484071174 1.936625e-04
 [95,] 0.10878257 1.131022e-02 0.8797209426 1.862641e-04
 [96,] 0.06294642 6.809654e-03 0.9300800755 1.638537e-04
 [97,] 0.08448021 8.794620e-03 0.9065325212 1.926465e-04
 [98,] 0.10751729 8.414119e-03 0.8839332938 1.353009e-04
 [99,] 0.09176275 9.034019e-03 0.8990297502 1.734790e-04
[100,] 0.10128293 8.880133e-03 0.8896884176 1.485184e-04
[101,] 0.01797524 2.123140e-03 0.9793041092 5.975061e-04
[102,] 0.11586666 1.499780e-04 0.8839813693 1.995764e-06
[103,] 0.01325635 1.560556e-03 0.9846573729 5.257181e-04
[104,] 0.05058218 4.394825e-03 0.9449325432 9.044766e-05
[105,] 0.06636842 4.621271e-03 0.9289408700 6.943481e-05
[106,] 0.05848948 4.618903e-03 0.9368117827 7.983781e-05
[107,] 0.08314301 1.596628e-03 0.9152388115 2.155150e-05
[108,] 0.09206120 6.682974e-06 0.9079320540 6.229965e-08
[109,] 0.09228281 5.019831e-07 0.9077166811 3.297764e-09
[110,] 0.01165466 1.350796e-03 0.9865765146 4.180250e-04
[111,] 0.01705817 1.689405e-03 0.9810927271 1.596935e-04
[112,] 0.03831667 3.519799e-03 0.9580915981 7.193789e-05
[113,] 0.08525382 1.476849e-03 0.9132496377 1.969525e-05
[114,] 0.06493842 5.891756e-03 0.9290818864 8.793792e-05
[115,] 0.03440851 3.390623e-03 0.9620751414 1.257265e-04
[116,] 0.03928794 3.803712e-03 0.9567986234 1.097201e-04
[117,] 0.06036864 4.478307e-03 0.9350778024 7.525450e-05
[118,] 0.06663110 4.606984e-03 0.9286941465 6.776739e-05
[119,] 0.05495442 4.986964e-03 0.9399688201 8.979994e-05
[120,] 0.06303032 5.413736e-03 0.9314704439 8.550150e-05
[121,] 0.03986074 3.617306e-03 0.9564214935 1.004581e-04
[122,] 0.07068262 5.385483e-05 0.9292626215 9.085705e-07
[123,] 0.07132772 1.712558e-06 0.9286705465 2.002418e-08
[124,] 0.07171078 5.892695e-07 0.9282886287 1.310591e-09
[125,] 0.07256034 6.182054e-06 0.9274334742 3.491160e-09
[126,] 0.07339514 3.969060e-07 0.9266044631 2.495949e-10
[127,] 0.07344626 7.792822e-07 0.9265529611 2.252281e-10
[128,] 0.07392067 7.520890e-09 0.9260793189 2.221053e-12
[129,] 0.07395952 5.977402e-13 0.9260404751 3.099638e-17
[130,] 0.07181084 1.751308e-07 0.9281889828 2.807776e-10
[131,] 0.07206994 1.284268e-06 0.9279287758 2.847869e-10
[132,] 0.07210416 1.268045e-06 0.9278945685 2.724981e-10
[133,] 0.07204039 1.056810e-07 0.9279595026 2.490241e-11
[134,] 0.07230079 3.601950e-12 0.9276992148 5.216633e-16
[135,] 0.07255193 1.208235e-06 0.9274468664 3.263289e-10
[136,] 0.01511769 1.575033e-03 0.9831413802 1.658996e-04
[137,] 0.01635903 1.700140e-03 0.9817931873 1.476468e-04
[138,] 0.04835317 3.948519e-03 0.9476139929 8.431488e-05
[139,] 0.05428882 4.273277e-03 0.9413618175 7.608960e-05
[140,] 0.06113084 5.108306e-03 0.9336841691 7.668125e-05
[141,] 0.05630967 4.007067e-03 0.9396146870 6.857473e-05
[142,] 0.08303057 3.141445e-04 0.9166513554 3.932789e-06
[143,] 0.08267642 6.142056e-06 0.9173173594 7.737063e-08
[144,] 0.08316664 1.665290e-10 0.9168333575 7.179515e-13
[145,] 0.08316869 3.187012e-09 0.9168313113 6.707791e-13
[146,] 0.01922482 1.895820e-03 0.9787640780 1.152850e-04
[147,] 0.03840838 3.336623e-03 0.9581936268 6.137463e-05
[148,] 0.02191914 2.096148e-03 0.9758852392 9.947564e-05
[149,] 0.07771580 1.155264e-03 0.9211139173 1.502123e-05
[150,] 0.03157565 2.494041e-03 0.9658537978 7.650803e-05
[151,] 0.05232083 9.816370e-04 0.9466823325 1.519950e-05
[152,] 0.05766738 2.806803e-04 0.9420487341 3.205157e-06
[153,] 0.06339700 1.156617e-07 0.9366028859 6.347814e-10
[154,] 0.06111549 2.082422e-05 0.9388635439 1.462098e-07
[155,] 0.06291990 3.139842e-10 0.9370800970 6.564273e-13
[156,] 0.06294748 1.577503e-09 0.9370525225 5.648204e-14
[157,] 0.03602516 2.714811e-03 0.9611938232 6.621022e-05
[158,] 0.04144237 2.782950e-03 0.9557181788 5.650298e-05
[159,] 0.05530828 2.060325e-03 0.9425989097 3.248061e-05
[160,] 0.06794824 3.523139e-04 0.9316954506 3.991289e-06
[161,] 0.06991236 1.663559e-04 0.9299198602 1.419285e-06
[162,] 0.06028928 1.879445e-03 0.9378079463 2.332653e-05
[163,] 0.07762355 1.603348e-05 0.9223602617 1.538010e-07
[164,] 0.07810195 1.438183e-09 0.9218980512 8.915055e-12
[165,] 0.58015295 7.173144e-02 0.3460149445 2.100666e-03
[166,] 0.54048568 6.681966e-02 0.3903799271 2.314736e-03
[167,] 0.56392404 1.130682e-03 0.4349282159 1.705754e-05
[168,] 0.51630344 6.377917e-02 0.4177808258 2.136566e-03
[169,] 0.48458794 5.948676e-02 0.4547089511 1.216346e-03
[170,] 0.47822061 5.814045e-02 0.4625378510 1.101090e-03
[171,] 0.52721565 1.214802e-04 0.4726610588 1.807362e-06
[172,] 0.46590145 5.726393e-02 0.4751981185 1.636504e-03
[173,] 0.45137263 5.519631e-02 0.4919399088 1.491148e-03
[174,] 0.44859162 5.458951e-02 0.4956885817 1.130285e-03
[175,] 0.44701434 5.409734e-02 0.4975980279 1.290296e-03
[176,] 0.44388088 5.177688e-02 0.5032739764 1.068267e-03
[177,] 0.47944764 1.183567e-02 0.5085278555 1.888358e-04
[178,] 0.57415644 7.058411e-02 0.3542747715 9.846856e-04
[179,] 0.51633405 6.362652e-02 0.4183867680 1.652670e-03
[180,] 0.48556442 4.997179e-02 0.4632700990 1.193698e-03
[181,] 0.49929864 3.130464e-02 0.4688459551 5.507693e-04
[182,] 0.48877599 4.076283e-02 0.4696678689 7.933079e-04
[183,] 0.50787751 1.910375e-02 0.4727085703 3.101693e-04
[184,] 0.59250167 7.241615e-02 0.3344998996 5.822775e-04
[185,] 0.51214109 5.895648e-02 0.4274817271 1.420701e-03
[186,] 0.53159683 2.996309e-02 0.4379248357 5.152439e-04
[187,] 0.51172062 4.524918e-02 0.4421622052 8.679943e-04
[188,] 0.53857430 1.454525e-02 0.4466472468 2.332070e-04
[189,] 0.62921305 7.642604e-02 0.2939921211 3.687865e-04
[190,] 0.59666140 4.627773e-02 0.3562529972 8.078708e-04
[191,] 0.64671358 7.832225e-02 0.2746560825 3.080903e-04
[192,] 0.59942676 7.248508e-02 0.3267430553 1.345104e-03
[193,] 0.67427855 8.125462e-02 0.2442300539 2.367735e-04
[194,] 0.70211659 8.450902e-02 0.2131802828 1.941055e-04
[195,] 0.65014987 6.476684e-02 0.2839261401 1.157152e-03
[196,] 0.83839165 9.801533e-02 0.0628235096 7.695077e-04
[197,] 0.84203023 1.224814e-01 0.0337260626 1.762324e-03
[198,] 0.91538871 2.781603e-02 0.0563175715 4.776852e-04
[199,] 0.81021152 1.732948e-01 0.0136071984 2.886492e-03
[200,] 0.90619476 6.395219e-02 0.0284428585 1.410189e-03
[201,] 0.93908334 2.118759e-02 0.0393176778 4.113942e-04
[202,] 0.93834199 1.600836e-02 0.0454445645 2.050927e-04
[203,] 0.75731701 2.378627e-01 0.0012941973 3.526086e-03
[204,] 0.77546656 2.188490e-01 0.0011976590 4.486782e-03
[205,] 0.64906254 3.437805e-01 0.0006237934 6.533192e-03
[206,] 0.90222870 8.435872e-02 0.0112998814 2.112700e-03
[207,] 0.97046727 8.518856e-03 0.0208102067 2.036685e-04
[208,] 0.95243475 2.332167e-02 0.0236802074 5.633701e-04
[209,] 0.96544570 5.887369e-03 0.0285472018 1.197248e-04
[210,] 0.96679036 2.307322e-03 0.0308678065 3.450905e-05
[211,] 0.96550681 9.814130e-04 0.0335048020 6.971155e-06
[212,] 0.96374330 6.936922e-04 0.0355608583 2.153327e-06
