             (1,R1)       (2,R1)       (1,R2)       (2,R2)
  [1,] 2.387251e-01 4.103916e-01 1.222999e-01 2.285834e-01
  [2,] 2.337474e-01 4.054807e-01 1.246809e-01 2.360909e-01
  [3,] 2.513841e-01 3.855407e-01 1.366162e-01 2.264590e-01
  [4,] 3.037600e-01 3.313357e-01 1.719164e-01 1.929879e-01
  [5,] 4.008768e-01 2.704290e-01 1.918604e-01 1.368337e-01
  [6,] 5.036914e-01 1.390858e-01 2.883163e-01 6.890646e-02
  [7,] 5.935413e-01 2.174364e-02 3.761127e-01 8.602393e-03
  [8,] 2.661960e-01 3.819014e-01 1.342925e-01 2.176102e-01
  [9,] 2.621848e-01 4.046418e-01 1.116569e-01 2.215166e-01
 [10,] 1.036047e-01 5.546251e-01 3.882105e-02 3.029491e-01
 [11,] 4.821521e-01 1.519824e-01 2.868738e-01 7.899178e-02
 [12,] 5.516646e-01 6.980258e-02 3.445711e-01 3.396169e-02
 [13,] 6.086823e-01 2.667120e-03 3.879347e-01 7.159545e-04
 [14,] 2.315821e-01 4.097509e-01 1.212280e-01 2.374390e-01
 [15,] 2.125631e-01 4.292124e-01 1.076262e-01 2.505983e-01
 [16,] 1.771304e-01 4.634801e-01 8.723689e-02 2.721526e-01
 [17,] 2.194191e-01 4.183598e-01 1.152443e-01 2.469768e-01
 [18,] 3.053542e-01 3.310056e-01 1.717452e-01 1.918949e-01
 [19,] 5.123300e-01 1.138563e-01 3.147619e-01 5.905175e-02
 [20,] 5.069116e-01 1.190219e-01 3.115759e-01 6.249056e-02
 [21,] 5.767632e-01 3.798758e-02 3.680810e-01 1.716821e-02
 [22,] 6.797526e-02 5.718662e-01 2.477997e-02 3.353786e-01
 [23,] 6.854221e-02 5.837483e-01 1.689572e-02 3.308138e-01
 [24,] 3.389895e-02 6.058076e-01 9.713996e-03 3.505794e-01
 [25,] 9.319764e-06 6.279724e-01 3.267856e-09 3.720183e-01
 [26,] 3.297474e-02 6.043996e-01 9.916499e-03 3.527092e-01
 [27,] 7.112913e-02 5.826786e-01 2.501084e-02 3.211815e-01
 [28,] 4.110087e-02 5.895150e-01 1.128642e-02 3.580977e-01
 [29,] 1.672724e-02 5.969446e-01 4.332097e-03 3.819960e-01
 [30,] 1.065369e-02 5.968372e-01 3.132603e-03 3.893765e-01
 [31,] 2.280748e-02 6.086897e-01 6.497980e-03 3.620048e-01
 [32,] 7.517896e-02 6.521098e-01 6.366694e-03 2.663445e-01
 [33,] 6.238591e-04 5.978721e-01 2.239780e-05 4.014817e-01
 [34,] 2.743570e-04 5.988985e-01 1.457850e-05 4.008126e-01
 [35,] 8.367853e-05 6.064872e-01 1.154721e-06 3.934280e-01
 [36,] 3.505863e-02 5.828705e-01 1.356447e-02 3.685064e-01
 [37,] 1.149116e-01 5.259629e-01 5.104167e-02 3.080838e-01
 [38,] 9.357462e-02 5.490636e-01 3.775195e-02 3.196098e-01
 [39,] 3.209184e-01 3.687719e-01 1.347769e-01 1.755327e-01
 [40,] 3.509368e-01 3.694841e-01 1.159258e-01 1.636534e-01
 [41,] 6.689665e-01 3.462179e-04 3.306209e-01 6.631689e-05
 [42,] 6.659044e-01 4.390351e-08 3.340956e-01 4.271888e-09
 [43,] 6.654062e-01 5.050502e-09 3.345938e-01 1.754218e-11
 [44,] 7.949023e-05 6.863936e-01 3.541249e-08 3.135269e-01
 [45,] 1.294742e-07 6.802540e-01 3.523161e-12 3.197459e-01
 [46,] 2.345444e-10 6.780774e-01 1.361748e-16 3.219226e-01
 [47,] 6.443686e-01 3.536087e-06 3.556272e-01 6.352941e-07
 [48,] 6.441614e-01 7.311759e-10 3.558386e-01 5.263400e-11
 [49,] 6.441367e-01 4.765817e-12 3.558633e-01 7.056888e-15
 [50,] 6.441161e-01 3.463659e-10 3.558839e-01 3.468976e-14
 [51,] 6.441519e-01 1.175183e-09 3.558481e-01 9.647419e-11
 [52,] 6.440902e-01 3.192323e-09 3.559098e-01 4.016377e-12
 [53,] 6.436236e-01 1.460874e-09 3.563764e-01 2.111375e-12
 [54,] 6.435586e-01 1.861148e-08 3.564413e-01 5.001049e-12
 [55,] 2.845702e-01 3.507462e-01 1.593295e-01 2.053541e-01
 [56,] 4.486014e-01 1.825361e-01 2.688281e-01 1.000344e-01
 [57,] 5.198980e-01 1.614227e-01 2.450346e-01 7.364466e-02
 [58,] 5.216322e-01 2.206864e-01 1.713715e-01 8.630989e-02
 [59,] 6.384381e-01 5.668340e-07 3.615612e-01 9.595220e-08
 [60,] 6.384012e-01 1.700458e-09 3.615988e-01 1.137650e-10
 [61,] 6.383453e-01 6.017633e-14 3.616547e-01 4.510588e-17
 [62,] 3.468039e-01 3.248628e-01 1.604239e-01 1.679094e-01
 [63,] 2.332077e-01 4.497606e-01 9.378585e-02 2.232459e-01
 [64,] 1.302274e-03 6.450174e-01 1.817086e-05 3.536622e-01
 [65,] 1.249811e-06 6.312941e-01 2.111255e-10 3.687046e-01
 [66,] 2.507777e-01 4.217085e-01 1.058216e-01 2.216922e-01
 [67,] 4.928237e-01 1.531215e-01 2.787260e-01 7.532886e-02
 [68,] 4.948233e-01 1.499745e-01 2.807431e-01 7.445902e-02
 [69,] 5.281417e-01 1.044816e-01 3.161182e-01 5.125850e-02
 [70,] 5.920929e-01 2.143074e-02 3.778363e-01 8.640026e-03
 [71,] 5.937234e-01 9.599849e-03 3.933761e-01 3.300706e-03
 [72,] 5.907489e-01 2.395438e-03 4.062320e-01 6.236522e-04
 [73,] 5.880089e-01 1.257192e-03 4.104884e-01 2.454894e-04
 [74,] 5.872266e-01 7.989470e-04 4.118664e-01 1.080395e-04
 [75,] 5.860395e-01 2.389937e-04 4.136972e-01 2.426692e-05
 [76,] 5.869027e-01 1.773956e-04 4.129082e-01 1.170700e-05
 [77,] 5.944182e-01 4.845713e-04 4.050626e-01 3.456079e-05
 [78,] 5.939012e-01 7.107209e-03 3.969011e-01 2.090445e-03
 [79,] 5.795332e-01 7.915274e-04 4.195090e-01 1.662082e-04
 [80,] 5.712987e-01 9.627566e-05 4.285947e-01 1.033918e-05
 [81,] 5.803616e-01 3.735825e-04 4.192447e-01 2.015414e-05
 [82,] 5.709441e-01 9.839354e-05 4.289529e-01 4.602568e-06
 [83,] 5.839071e-01 9.783772e-05 4.159895e-01 5.626897e-06
 [84,] 5.889219e-01 9.826382e-05 4.109762e-01 3.603779e-06
 [85,] 5.809415e-01 6.755408e-05 4.189873e-01 3.722731e-06
 [86,] 5.959069e-01 5.803560e-05 4.040325e-01 2.581190e-06
 [87,] 5.861147e-01 1.193945e-04 4.137618e-01 4.045779e-06
 [88,] 6.030443e-01 1.330114e-02 3.788829e-01 4.771666e-03
 [89,] 6.156463e-01 1.754118e-02 3.619437e-01 4.868851e-03
 [90,] 1.614752e-03 6.743968e-01 1.670539e-05 3.239717e-01
 [91,] 6.072293e-01 9.420262e-03 3.804690e-01 2.881446e-03
 [92,] 5.992552e-01 5.985573e-03 3.930590e-01 1.700279e-03
 [93,] 6.168259e-01 7.140013e-05 3.830934e-01 9.359331e-06
 [94,] 5.982165e-01 6.522701e-03 3.933877e-01 1.873122e-03
 [95,] 6.012756e-01 3.998254e-03 3.936397e-01 1.086384e-03
 [96,] 5.956546e-01 5.741526e-03 3.971183e-01 1.485547e-03
 [97,] 5.903781e-01 9.214468e-04 4.085218e-01 1.786111e-04
 [98,] 6.012516e-01 6.495089e-04 3.980152e-01 8.366630e-05
 [99,] 5.916806e-01 6.598750e-04 4.075761e-01 8.345674e-05
[100,] 5.979330e-01 1.419902e-03 4.005054e-01 1.417395e-04
[101,] 5.909568e-01 4.693513e-03 4.029749e-01 1.374783e-03
[102,] 6.218279e-01 8.599950e-06 3.781623e-01 1.135513e-06
[103,] 5.830434e-01 1.397329e-03 4.152478e-01 3.114477e-04
[104,] 5.908403e-01 5.474580e-04 4.085195e-01 9.265238e-05
[105,] 5.988559e-01 4.088167e-04 4.006960e-01 3.932076e-05
[106,] 5.936353e-01 3.998745e-04 4.059263e-01 3.847592e-05
[107,] 6.084623e-01 6.082980e-05 3.914723e-01 4.553991e-06
[108,] 6.145521e-01 7.800134e-08 3.854478e-01 1.886223e-09
[109,] 6.147408e-01 2.373966e-09 3.852592e-01 6.277409e-12
[110,] 5.796664e-01 7.260887e-04 4.194948e-01 1.126818e-04
[111,] 5.849251e-01 1.462452e-03 4.134194e-01 1.930640e-04
[112,] 5.926238e-01 1.938288e-03 4.051162e-01 3.217161e-04
[113,] 6.139456e-01 9.550552e-05 3.859476e-01 1.134609e-05
[114,] 5.996105e-01 1.566643e-03 3.985582e-01 2.646743e-04
[115,] 5.775254e-01 3.327000e-04 4.220889e-01 5.295109e-05
[116,] 5.776162e-01 3.309431e-04 4.220252e-01 2.764002e-05
[117,] 5.908949e-01 2.622601e-04 4.088165e-01 2.633507e-05
[118,] 5.943901e-01 2.422003e-04 4.053524e-01 1.529857e-05
[119,] 5.864997e-01 4.658340e-04 4.129883e-01 4.611941e-05
[120,] 5.914552e-01 5.188257e-04 4.079838e-01 4.216512e-05
[121,] 5.825446e-01 5.356165e-04 4.168742e-01 4.565135e-05
[122,] 5.981792e-01 2.261215e-06 4.018184e-01 1.934161e-07
[123,] 5.981100e-01 1.317448e-08 4.018900e-01 2.117674e-10
[124,] 5.985112e-01 7.253807e-09 4.014888e-01 8.734637e-12
[125,] 5.994069e-01 1.077280e-07 4.005930e-01 2.781824e-10
[126,] 6.003571e-01 1.703825e-09 3.996429e-01 3.598506e-12
[127,] 6.004170e-01 1.022393e-08 3.995830e-01 2.431197e-12
[128,] 6.011494e-01 1.157924e-10 3.988506e-01 1.508886e-13
[129,] 6.012078e-01 8.454101e-15 3.987922e-01 8.731894e-19
[130,] 5.984637e-01 1.890857e-09 4.015363e-01 2.899345e-12
[131,] 5.986905e-01 7.273842e-09 4.013095e-01 5.748818e-12
[132,] 5.987340e-01 7.016659e-09 4.012659e-01 2.192501e-12
[133,] 5.988111e-01 1.480351e-09 4.011889e-01 8.781403e-13
[134,] 5.992262e-01 5.579856e-14 4.007738e-01 3.587191e-17
[135,] 5.995864e-01 2.018638e-08 4.004136e-01 2.681111e-11
[136,] 5.833320e-01 1.063059e-03 4.154568e-01 1.481025e-04
[137,] 5.830759e-01 5.303301e-04 4.163318e-01 6.195986e-05
[138,] 6.628289e-01 1.253946e-03 3.357219e-01 1.952343e-04
[139,] 6.394763e-01 3.484615e-04 3.601337e-01 4.151042e-05
[140,] 6.250074e-01 5.629317e-04 3.743865e-01 4.315582e-05
[141,] 7.116941e-01 5.868639e-03 2.819689e-01 4.683826e-04
[142,] 8.566192e-01 1.083579e-01 2.319054e-02 1.183237e-02
[143,] 6.536343e-01 3.335231e-07 3.463653e-01 2.909804e-08
[144,] 6.530896e-01 2.966435e-13 3.469104e-01 1.633391e-15
[145,] 6.530873e-01 4.981726e-11 3.469127e-01 9.396423e-16
[146,] 5.826358e-01 2.750229e-04 4.170656e-01 2.350838e-05
[147,] 5.928687e-01 1.670140e-03 4.052557e-01 2.054928e-04
[148,] 5.884964e-01 5.357225e-04 4.109325e-01 3.538400e-05
[149,] 6.147056e-01 8.625059e-05 3.851977e-01 1.043635e-05
[150,] 6.183035e-01 2.467810e-04 3.814289e-01 2.083389e-05
[151,] 6.104682e-01 5.252057e-05 3.894756e-01 3.720837e-06
[152,] 6.115442e-01 5.154100e-06 3.884505e-01 1.249885e-07
[153,] 6.150994e-01 2.293397e-09 3.849006e-01 3.401495e-11
[154,] 6.136511e-01 2.916249e-07 3.863486e-01 2.780787e-09
[155,] 6.149381e-01 5.070426e-12 3.850619e-01 2.285586e-14
[156,] 6.149582e-01 3.153126e-11 3.850418e-01 2.329009e-15
[157,] 6.391186e-01 2.076201e-04 3.606633e-01 1.043257e-05
[158,] 6.734600e-01 4.126977e-04 3.261086e-01 1.866463e-05
[159,] 8.060458e-01 3.951235e-03 1.897107e-01 2.922407e-04
[160,] 7.250797e-01 2.396095e-05 2.748945e-01 1.830330e-06
[161,] 7.167406e-01 2.581833e-06 2.832568e-01 6.384099e-08
[162,] 8.531550e-01 2.293826e-02 1.228597e-01 1.047032e-03
[163,] 7.701558e-05 8.874892e-01 5.241867e-09 1.124338e-01
[164,] 1.613525e-10 8.821475e-01 2.595929e-19 1.178525e-01
[165,] 3.628666e-01 2.889525e-01 1.923540e-01 1.558270e-01
[166,] 3.101577e-01 3.481804e-01 1.580867e-01 1.835752e-01
[167,] 4.352521e-05 6.537514e-01 2.103983e-08 3.462051e-01
[168,] 3.145375e-01 3.297026e-01 1.711746e-01 1.845853e-01
[169,] 3.982381e-01 2.762223e-01 1.884780e-01 1.370616e-01
[170,] 5.382791e-01 1.073721e-01 3.048392e-01 4.950959e-02
[171,] 6.284867e-01 4.046550e-06 3.715086e-01 6.685685e-07
[172,] 3.689507e-01 3.201380e-01 1.498583e-01 1.610529e-01
[173,] 3.626332e-01 4.018645e-01 5.946516e-02 1.760372e-01
[174,] 4.994002e-01 2.004521e-01 2.096553e-01 9.049235e-02
[175,] 7.252432e-02 6.733812e-01 9.704646e-03 2.443898e-01
[176,] 1.311513e-02 6.513520e-01 1.766210e-03 3.337667e-01
[177,] 1.104680e-04 6.243745e-01 7.629556e-07 3.755143e-01
[178,] 4.976620e-01 1.348649e-01 2.979444e-01 6.952870e-02
[179,] 5.749153e-01 3.989140e-02 3.670553e-01 1.813800e-02
[180,] 5.954002e-01 1.877822e-03 4.022313e-01 4.907481e-04
[181,] 6.036873e-01 3.479770e-04 3.959195e-01 4.530840e-05
[182,] 5.973899e-01 4.733783e-04 4.020677e-01 6.904914e-05
[183,] 6.048462e-01 8.942347e-05 3.950582e-01 6.155631e-06
[184,] 5.451291e-01 7.841169e-02 3.377091e-01 3.875009e-02
[185,] 5.969433e-01 5.487245e-03 3.958126e-01 1.756860e-03
[186,] 6.078460e-01 4.318071e-04 3.916516e-01 7.063879e-05
[187,] 6.008427e-01 9.703786e-04 3.980016e-01 1.853780e-04
[188,] 6.088985e-01 7.299052e-05 3.910223e-01 6.187388e-06
[189,] 5.733332e-01 6.819322e-02 3.300073e-01 2.846623e-02
[190,] 3.742224e-01 4.226686e-01 4.622606e-02 1.568829e-01
[191,] 5.891340e-01 3.133205e-02 3.666009e-01 1.293301e-02
[192,] 5.973536e-01 9.924997e-03 3.892607e-01 3.460740e-03
[193,] 5.929164e-01 1.448873e-02 3.869142e-01 5.680619e-03
[194,] 5.934320e-01 1.117757e-02 3.914505e-01 3.939944e-03
[195,] 6.044472e-01 2.397252e-03 3.925545e-01 6.010441e-04
[196,] 5.802009e-01 8.932631e-04 4.187031e-01 2.027336e-04
[197,] 5.671759e-01 1.104867e-04 4.327009e-01 1.275188e-05
[198,] 5.949513e-01 5.695873e-05 4.049884e-01 3.297383e-06
[199,] 5.603259e-01 1.388768e-05 4.396596e-01 5.868245e-07
[200,] 5.740297e-01 4.046144e-05 4.259285e-01 1.328480e-06
[201,] 5.846565e-01 1.294907e-05 4.153302e-01 3.396467e-07
[202,] 5.913699e-01 2.004832e-05 4.086096e-01 3.788757e-07
[203,] 5.605966e-01 1.160893e-05 4.393916e-01 2.053514e-07
[204,] 5.621009e-01 6.873812e-06 4.378921e-01 9.374878e-08
[205,] 5.762852e-01 5.749989e-05 4.236557e-01 1.587728e-06
[206,] 5.677144e-01 1.102524e-05 4.322744e-01 1.809287e-07
[207,] 5.831021e-01 3.699927e-06 4.168941e-01 7.123987e-08
[208,] 5.772152e-01 1.374495e-05 4.227708e-01 3.434292e-07
[209,] 5.819689e-01 2.160108e-06 4.180289e-01 2.798048e-08
[210,] 5.848161e-01 1.008481e-06 4.151829e-01 6.339412e-09
[211,] 5.886172e-01 7.377527e-07 4.113821e-01 4.931638e-09
[212,] 5.919125e-01 7.529525e-07 4.080868e-01 4.240383e-09
