             (1,R1)       (2,R1)       (1,R2)       (2,R2)
  [1,] 7.650683e-01 5.130788e-02 1.317093e-01 5.191450e-02
  [2,] 7.650667e-01 5.130780e-02 1.317104e-01 5.191513e-02
  [3,] 7.650691e-01 5.130801e-02 1.317086e-01 5.191425e-02
  [4,] 7.650679e-01 5.130783e-02 1.317096e-01 5.191465e-02
  [5,] 7.560050e-01 5.105407e-02 1.367546e-01 5.618629e-02
  [6,] 7.644426e-01 5.203710e-02 1.309120e-01 5.260834e-02
  [7,] 7.907815e-01 5.120646e-02 1.205401e-01 3.747191e-02
  [8,] 7.649823e-01 5.130431e-02 1.317633e-01 5.195006e-02
  [9,] 7.647177e-01 5.129385e-02 1.319255e-01 5.206296e-02
 [10,] 7.598842e-01 5.114902e-02 1.346748e-01 5.429197e-02
 [11,] 7.652798e-01 5.132008e-02 1.315729e-01 5.182719e-02
 [12,] 7.670815e-01 5.136873e-02 1.305645e-01 5.098520e-02
 [13,] 8.312804e-01 4.304811e-02 1.146502e-01 1.102131e-02
 [14,] 7.650686e-01 5.130792e-02 1.317090e-01 5.191439e-02
 [15,] 7.650687e-01 5.130790e-02 1.317091e-01 5.191435e-02
 [16,] 7.650687e-01 5.130789e-02 1.317091e-01 5.191436e-02
 [17,] 7.650689e-01 5.130791e-02 1.317089e-01 5.191425e-02
 [18,] 7.650688e-01 5.130789e-02 1.317090e-01 5.191430e-02
 [19,] 7.650833e-01 5.130850e-02 1.316999e-01 5.190830e-02
 [20,] 7.650909e-01 5.130882e-02 1.316951e-01 5.190516e-02
 [21,] 7.679693e-01 5.138172e-02 1.301318e-01 5.051717e-02
 [22,] 7.663119e-01 5.135025e-02 1.309769e-01 5.136087e-02
 [23,] 7.705676e-01 5.142656e-02 1.287113e-01 4.929450e-02
 [24,] 7.724678e-01 5.122158e-02 1.280334e-01 4.827725e-02
 [25,] 8.560022e-01 1.534560e-03 1.424608e-01 2.485240e-06
 [26,] 7.740903e-01 5.106556e-02 1.275204e-01 4.732376e-02
 [27,] 7.755607e-01 5.081769e-02 1.273833e-01 4.623830e-02
 [28,] 7.649148e-01 5.130140e-02 1.318063e-01 5.197750e-02
 [29,] 7.642988e-01 5.127654e-02 1.321860e-01 5.223872e-02
 [30,] 7.649255e-01 5.138342e-02 1.316889e-01 5.200221e-02
 [31,] 7.136544e-01 5.210416e-02 1.551215e-01 7.911995e-02
 [32,] 4.479847e-01 1.837919e-01 2.250039e-01 1.432195e-01
 [33,] 8.218939e-01 4.908819e-02 1.084308e-01 2.058718e-02
 [34,] 8.295151e-01 4.302972e-02 1.127519e-01 1.470327e-02
 [35,] 8.507664e-01 2.742239e-02 1.194087e-01 2.402518e-03
 [36,] 7.628138e-01 5.121631e-02 1.330726e-01 5.289738e-02
 [37,] 7.659363e-01 5.142365e-02 1.310675e-01 5.157253e-02
 [38,] 7.318566e-01 5.039032e-02 1.493928e-01 6.836027e-02
 [39,] 6.165293e-01 4.985150e-02 1.904925e-01 1.431267e-01
 [40,] 6.322553e-01 6.966707e-02 1.585148e-01 1.395628e-01
 [41,] 2.677915e-01 4.805475e-01 1.965622e-01 5.509892e-02
 [42,] 2.780506e-05 7.295398e-01 6.180685e-05 2.703706e-01
 [43,] 3.469034e-07 7.291220e-01 8.212621e-07 2.708768e-01
 [44,] 8.638723e-01 2.098109e-03 1.340251e-01 4.490254e-06
 [45,] 8.620199e-01 1.471794e-04 1.378329e-01 2.497852e-08
 [46,] 8.605094e-01 4.561024e-07 1.394902e-01 1.045223e-12
 [47,] 8.577180e-06 2.762153e-01 3.388526e-05 7.237422e-01
 [48,] 3.640430e-09 2.858724e-01 1.283037e-08 7.141276e-01
 [49,] 5.882810e-11 2.871190e-01 7.853710e-12 7.128810e-01
 [50,] 4.648847e-09 2.881765e-01 9.702301e-12 7.118235e-01
 [51,] 4.119433e-09 2.786018e-01 2.660131e-08 7.213982e-01
 [52,] 4.428389e-08 2.793251e-01 3.968989e-09 7.206749e-01
 [53,] 2.009199e-08 2.877328e-01 1.242209e-09 7.122671e-01
 [54,] 3.359530e-07 2.891213e-01 2.123257e-09 7.108783e-01
 [55,] 7.650673e-01 5.130783e-02 1.317100e-01 5.191487e-02
 [56,] 7.651430e-01 5.131091e-02 1.316628e-01 5.188329e-02
 [57,] 7.814279e-01 5.149292e-02 1.236934e-01 4.338569e-02
 [58,] 7.887975e-01 5.040173e-02 1.221583e-01 3.864251e-02
 [59,] 8.540111e-01 1.948561e-05 1.459694e-01 3.329724e-10
 [60,] 8.537098e-01 1.133765e-06 1.462891e-01 7.063285e-12
 [61,] 8.531673e-01 5.338065e-11 1.468327e-01 6.733639e-20
 [62,] 7.648950e-01 5.130007e-02 1.318218e-01 5.198314e-02
 [63,] 7.671914e-01 5.139175e-02 1.305018e-01 5.091501e-02
 [64,] 8.522660e-01 2.190093e-02 1.243303e-01 1.502744e-03
 [65,] 8.536419e-01 8.514260e-04 1.455059e-01 7.683224e-07
 [66,] 7.664037e-01 5.120290e-02 1.312500e-01 5.114346e-02
 [67,] 7.556911e-01 5.094422e-02 1.372654e-01 5.609930e-02
 [68,] 7.626230e-01 5.120130e-02 1.331851e-01 5.299065e-02
 [69,] 7.640313e-01 5.150777e-02 1.319737e-01 5.248726e-02
 [70,] 7.654124e-01 5.135662e-02 1.314331e-01 5.179789e-02
 [71,] 7.668380e-01 5.136883e-02 1.306450e-01 5.114816e-02
 [72,] 7.877390e-01 5.159161e-02 1.201864e-01 4.048297e-02
 [73,] 7.945896e-01 5.049053e-02 1.179702e-01 3.694962e-02
 [74,] 8.081690e-01 4.949012e-02 1.130843e-01 2.925661e-02
 [75,] 8.321005e-01 4.591330e-02 1.060824e-01 1.590378e-02
 [76,] 8.366301e-01 4.327216e-02 1.069871e-01 1.311058e-02
 [77,] 8.347359e-01 3.724660e-02 1.177425e-01 1.027499e-02
 [78,] 7.717192e-01 5.148542e-02 1.279140e-01 4.888141e-02
 [79,] 8.261535e-01 5.054633e-02 1.012166e-01 2.208356e-02
 [80,] 8.465812e-01 4.665819e-02 9.285767e-02 1.390293e-02
 [81,] 8.410562e-01 4.234630e-02 1.029629e-01 1.363456e-02
 [82,] 8.559219e-01 4.259335e-02 9.124619e-02 1.023860e-02
 [83,] 8.604851e-01 3.436659e-02 1.005577e-01 4.590646e-03
 [84,] 8.606001e-01 3.016149e-02 1.060177e-01 3.220772e-03
 [85,] 8.646101e-01 3.426588e-02 9.683018e-02 4.293883e-03
 [86,] 8.643894e-01 1.899233e-02 1.158218e-01 7.964883e-04
 [87,] 8.615097e-01 3.158334e-02 1.029410e-01 3.965991e-03
 [88,] 7.659043e-01 5.134969e-02 1.311819e-01 5.156413e-02
 [89,] 7.663325e-01 5.133442e-02 1.309781e-01 5.135504e-02
 [90,] 8.515724e-01 2.156506e-02 1.257850e-01 1.077544e-03
 [91,] 7.670507e-01 5.134975e-02 1.305829e-01 5.101662e-02
 [92,] 7.815554e-01 5.142802e-02 1.238767e-01 4.313989e-02
 [93,] 8.555549e-01 1.097954e-02 1.332729e-01 1.926509e-04
 [94,] 7.673422e-01 5.125572e-02 1.305651e-01 5.083698e-02
 [95,] 7.987993e-01 5.065572e-02 1.182286e-01 3.231640e-02
 [96,] 7.715735e-01 5.141056e-02 1.281983e-01 4.881763e-02
 [97,] 8.057849e-01 5.096025e-02 1.130245e-01 3.023042e-02
 [98,] 8.308193e-01 4.263278e-02 1.143476e-01 1.220029e-02
 [99,] 8.142572e-01 4.791959e-02 1.137042e-01 2.411904e-02
[100,] 8.170066e-01 4.354334e-02 1.207524e-01 1.869757e-02
[101,] 7.670921e-01 5.133835e-02 1.306168e-01 5.095273e-02
[102,] 8.558147e-01 1.434692e-03 1.427484e-01 2.141192e-06
[103,] 7.677333e-01 5.125419e-02 1.304523e-01 5.056017e-02
[104,] 8.247564e-01 4.958976e-02 1.052674e-01 2.038649e-02
[105,] 8.384689e-01 4.016892e-02 1.116722e-01 9.690017e-03
[106,] 8.346272e-01 4.394949e-02 1.074355e-01 1.398788e-02
[107,] 8.579347e-01 1.555809e-02 1.260277e-01 4.795087e-04
[108,] 8.587374e-01 7.887988e-05 1.411837e-01 4.839996e-09
[109,] 8.583037e-01 7.657027e-06 1.416887e-01 9.708277e-11
[110,] 7.650920e-01 5.086586e-02 1.324558e-01 5.158638e-02
[111,] 7.543408e-01 5.050252e-02 1.385754e-01 5.658125e-02
[112,] 7.381724e-01 5.187824e-02 1.434649e-01 6.648444e-02
[113,] 3.584891e-01 3.339546e-01 1.893874e-01 1.181690e-01
[114,] 8.014791e-01 5.248956e-02 1.163874e-01 2.964396e-02
[115,] 6.672431e-01 5.193949e-02 1.860346e-01 9.478280e-02
[116,] 7.266097e-01 6.492007e-02 1.419526e-01 6.651763e-02
[117,] 8.264919e-01 5.064942e-02 1.076537e-01 1.520498e-02
[118,] 8.377404e-01 4.256570e-02 1.096242e-01 1.006973e-02
[119,] 7.984294e-01 5.643598e-02 1.132479e-01 3.188669e-02
[120,] 8.156854e-01 4.998381e-02 1.122470e-01 2.208380e-02
[121,] 5.912634e-01 5.243380e-02 2.256966e-01 1.306061e-01
[122,] 2.649398e-05 3.525769e-02 8.292197e-04 9.638866e-01
[123,] 4.486876e-08 2.984275e-02 3.598834e-06 9.701536e-01
[124,] 1.268368e-08 3.427148e-02 4.252086e-08 9.657285e-01
[125,] 2.696855e-07 4.460460e-02 3.334928e-08 9.553951e-01
[126,] 5.321071e-09 5.822454e-02 6.699027e-10 9.417755e-01
[127,] 5.789610e-08 5.914689e-02 4.870688e-10 9.408530e-01
[128,] 3.894841e-10 7.944514e-02 9.704461e-12 9.205549e-01
[129,] 3.191008e-14 8.105352e-02 7.748018e-17 9.189465e-01
[130,] 3.000810e-09 3.227225e-02 6.938237e-09 9.677277e-01
[131,] 2.716509e-08 3.431914e-02 1.336765e-09 9.656808e-01
[132,] 2.646376e-08 3.500820e-02 7.420316e-10 9.649918e-01
[133,] 2.695957e-09 4.007084e-02 9.308348e-11 9.599292e-01
[134,] 1.217658e-13 5.119319e-02 1.517844e-15 9.488068e-01
[135,] 5.426988e-08 5.820387e-02 1.355670e-09 9.417961e-01
[136,] 7.721744e-01 5.152285e-02 1.282267e-01 4.807599e-02
[137,] 7.746869e-01 5.114877e-02 1.279867e-01 4.617763e-02
[138,] 6.734618e-01 5.986358e-02 1.863028e-01 8.037186e-02
[139,] 7.428889e-01 6.757416e-02 1.458303e-01 4.370664e-02
[140,] 7.826903e-01 5.738526e-02 1.279986e-01 3.192583e-02
[141,] 5.561910e-01 7.727913e-02 2.328434e-01 1.336864e-01
[142,] 8.386305e-01 7.285743e-03 1.540315e-01 5.232359e-05
[143,] 2.596593e-05 4.361473e-01 5.766190e-05 5.637691e-01
[144,] 7.581096e-12 4.422809e-01 2.869840e-11 5.577191e-01
[145,] 1.191028e-09 4.423075e-01 2.139793e-11 5.576924e-01
[146,] 7.833414e-01 5.143770e-02 1.239380e-01 4.128287e-02
[147,] 7.937603e-01 5.004172e-02 1.205304e-01 3.566758e-02
[148,] 7.852371e-01 5.030724e-02 1.254055e-01 3.905016e-02
[149,] 8.548909e-01 1.392975e-02 1.308262e-01 3.531490e-04
[150,] 7.743559e-01 4.741103e-02 1.477157e-01 3.051732e-02
[151,] 8.581659e-01 1.895589e-02 1.221276e-01 7.506140e-04
[152,] 8.677751e-01 5.273925e-03 1.269235e-01 2.750777e-05
[153,] 8.622090e-01 1.927133e-06 1.377891e-01 4.376152e-12
[154,] 8.659678e-01 4.113576e-04 1.336207e-01 1.322364e-07
[155,] 8.624639e-01 5.988314e-09 1.375361e-01 8.391657e-17
[156,] 8.624036e-01 2.517547e-08 1.375964e-01 1.629817e-13
[157,] 7.348791e-01 4.626873e-02 1.797883e-01 3.906395e-02
[158,] 6.532461e-01 5.132608e-02 2.347123e-01 6.071547e-02
[159,] 2.619499e-01 1.310857e-01 3.534475e-01 2.535169e-01
[160,] 7.419582e-01 3.794379e-02 2.193873e-01 7.106451e-04
[161,] 7.734114e-01 1.386221e-02 2.126815e-01 4.494871e-05
[162,] 8.062805e-02 1.642381e-01 1.320403e-01 6.230936e-01
[163,] 2.886591e-05 3.793643e-01 6.343135e-05 6.205434e-01
[164,] 2.687955e-10 3.901536e-01 7.265821e-10 6.098464e-01
[165,] 7.650917e-01 5.130887e-02 1.316945e-01 5.190495e-02
[166,] 7.651759e-01 5.131176e-02 1.316438e-01 5.186857e-02
[167,] 8.560625e-01 1.967935e-03 1.419654e-01 4.172926e-06
[168,] 7.652079e-01 5.130670e-02 1.316348e-01 5.185061e-02
[169,] 7.694006e-01 5.142268e-02 1.293207e-01 4.985605e-02
[170,] 7.773199e-01 5.137010e-02 1.258302e-01 4.547979e-02
[171,] 8.544203e-01 2.405152e-04 1.453391e-01 5.354256e-08
[172,] 7.676172e-01 5.133494e-02 1.305354e-01 5.051245e-02
[173,] 7.626882e-01 5.089438e-02 1.339993e-01 5.241808e-02
[174,] 7.722891e-01 5.192569e-02 1.276488e-01 4.813646e-02
[175,] 7.520870e-01 5.040179e-02 1.405988e-01 5.691246e-02
[176,] 7.055375e-01 5.066476e-02 1.643036e-01 7.949418e-02
[177,] 8.498776e-01 2.079393e-02 1.284456e-01 8.828740e-04
[178,] 7.651283e-01 5.130972e-02 1.316726e-01 5.188943e-02
[179,] 7.681466e-01 5.140454e-02 1.299366e-01 5.051227e-02
[180,] 8.228808e-01 4.949012e-02 1.065525e-01 2.107661e-02
[181,] 8.452062e-01 3.437014e-02 1.152064e-01 5.217215e-03
[182,] 8.403396e-01 4.132071e-02 1.076807e-01 1.065898e-02
[183,] 8.564120e-01 2.323880e-02 1.189398e-01 1.409452e-03
[184,] 7.652348e-01 5.131314e-02 1.316081e-01 5.184401e-02
[185,] 8.001717e-01 5.112823e-02 1.155846e-01 3.311546e-02
[186,] 8.441743e-01 3.373111e-02 1.177574e-01 4.337196e-03
[187,] 8.305549e-01 4.419876e-02 1.112841e-01 1.396219e-02
[188,] 8.565346e-01 1.856077e-02 1.241571e-01 7.475346e-04
[189,] 7.662229e-01 5.134541e-02 1.310299e-01 5.140170e-02
[190,] 8.284562e-01 4.118486e-02 1.192462e-01 1.111266e-02
[191,] 7.669741e-01 5.132679e-02 1.306686e-01 5.103048e-02
[192,] 7.823726e-01 5.137674e-02 1.237740e-01 4.247674e-02
[193,] 7.692346e-01 5.136439e-02 1.295145e-01 4.988654e-02
[194,] 7.691702e-01 5.109839e-02 1.298673e-01 4.986406e-02
[195,] 8.180815e-01 4.784523e-02 1.144500e-01 1.962323e-02
[196,] 8.212809e-01 4.936073e-02 1.120006e-01 1.735768e-02
[197,] 8.225237e-01 4.895254e-02 1.197473e-01 8.776470e-03
[198,] 8.544263e-01 1.766720e-02 1.272432e-01 6.633238e-04
[199,] 7.961904e-01 5.894765e-02 1.403161e-01 4.545852e-03
[200,] 8.465211e-01 2.816676e-02 1.238585e-01 1.453665e-03
[201,] 8.632405e-01 1.281681e-02 1.237168e-01 2.258983e-04
[202,] 8.616090e-01 1.062565e-02 1.275348e-01 2.305151e-04
[203,] 7.577123e-01 7.361339e-02 1.640219e-01 4.652450e-03
[204,] 6.953038e-01 1.016088e-01 1.970866e-01 6.000743e-03
[205,] 7.862741e-01 4.569763e-02 1.653201e-01 2.708187e-03
[206,] 5.380234e-01 1.835588e-01 2.633035e-01 1.511421e-02
[207,] 3.795827e-01 3.258258e-01 2.727663e-01 2.182522e-02
[208,] 4.921220e-01 1.779132e-01 3.234933e-01 6.471503e-03
[209,] 4.016827e-01 2.160764e-01 3.775166e-01 4.724342e-03
[210,] 2.970320e-01 2.806811e-01 4.033927e-01 1.889418e-02
[211,] 5.436742e-03 5.204007e-01 1.655079e-02 4.576118e-01
[212,] 1.945108e-04 5.259356e-01 8.440674e-04 4.730258e-01
