213
GCA_003242085_ASM324208v1                                 0.0000000 2.0489219 2.0231138 0.1010506 2.1500649 2.0738265 0.6550455 0.0907795 2.0712012 2.1753645 2.2808732 2.1112061 0.6429452 1.9027409 0.5391727 1.9798960 2.1121037 2.2858232 2.1554421 2.0337991 2.0757910 2.0622728 2.1467051 2.1844372 2.1023159 2.1117666 1.2115539 2.0877525 0.6097496 2.1302846 0.0875188 2.0783360 2.1214825 2.1453102 2.3390312 2.0775771 2.1535819 1.9493430 0.0939163 2.1048378 2.3288141 2.0995371 2.1092388 2.1299515 2.0874576 2.1117267 0.0784405 1.9202394 2.1611555 0.0852218 2.1551058 2.0998318 0.0729199 2.0774302 2.2618861 2.2504560 2.1895172 2.1195169 2.3858652 2.1455566 2.1050987 0.9021671 2.2097223 1.1244006 1.9957751 2.1147114 1.0328702 0.1083642 1.2181020 2.0652367 2.1501324 2.0984750 2.0714649 2.2088614 2.0417106 2.0086519 2.4574045 2.1473710 2.1565841 2.0494771 2.1353667 0.5668715 2.2092276 1.1344050 2.0929384 1.9717934 2.1717817 2.2346966 1.8552095 2.7023428 2.1530899 2.0444708 2.1585253 1.9798633 0.1548937 1.1479456 0.0981771 0.4581687 2.1077510 2.0808516 2.1011845 2.1419305 2.1512167 0.9024516 2.2709174 2.1234428 2.2626757 2.2686779 2.1037583 0.0858810 0.1331842 0.0830525 1.1205295 2.1217938 1.0342528 1.1009482 2.1685660 2.1275334 1.9070827 2.1635001 2.0643537 0.1185856 2.0664171 2.1258476 2.0285527 1.1206230 2.1388259 1.8921633 2.2580503 2.2559709 2.1824321 2.0992874 2.1100700 2.0963865 2.0503754 2.1337988 2.0611905 2.0862000 2.0839129 2.1941647 2.1058575 1.0327693 2.1677929 2.3446312 0.9233406 2.0930366 2.0393283 2.1068760 2.0899028 2.0803466 2.0355144 2.1393061 2.0984299 1.1552850 1.0838152 2.2470083 1.1412143 2.0900757 2.1857048 2.0169862 2.1187148 2.2158813 1.1440639 1.9661295 0.1170081 2.0927776 1.2144635 2.0756788 2.1580358 1.9465200 2.1259613 2.2525546 2.1041104 2.1740667 0.0781711 0.9053895 2.1028226 2.2103628 2.8129163 2.1587398 1.9810270 2.0234027 2.1443207 2.0733022 2.1828471 2.1214825 2.2054567 1.0329273 0.0952992 1.8579753 1.9410392 2.3004066 2.0519933 0.6733481 1.9916287 2.0746675 2.0685067 2.1421947 0.9352283 2.4499707 2.5107045 2.0971645 2.0037077 2.0994787 2.0992782 1.0560657 1.0233425 2.0235014 2.1851137 1.7901678 2.0446771 2.1256484 1.8421963 
GCA_001784535_ASM178453v1                                 2.0489219 0.0000000 1.7092159 2.0295401 1.0812072 1.6963800 2.1296519 2.0464394 1.7153586 1.0920908 1.1237271 1.0448804 2.0600714 1.6958958 2.0868940 1.8336138 1.0426585 1.1116892 1.0832368 0.6324251 1.7137734 1.6995099 1.0675657 1.1861228 1.0030776 1.0448562 1.9641417 1.0517791 2.0020102 1.0826521 2.0433370 1.7143362 1.4814137 1.0525484 1.1201572 1.7314148 1.0727356 0.6505024 2.0238204 1.0319367 1.2024054 1.0006325 1.0381015 1.0494343 1.0226603 1.0419743 2.0336501 0.8273322 1.0609937 2.0409305 1.1755661 1.8324535 1.9589210 1.4661828 1.1138951 1.0949932 1.8223304 1.0225012 1.1952721 1.0426730 1.0007683 2.1030177 1.0877532 1.8674185 0.9192220 1.0444524 1.9028812 2.0146303 1.9429096 1.7328877 1.8456412 1.0315535 1.6999262 1.2122883 0.9285715 1.9385886 2.2405438 1.1640468 1.0784969 0.9688873 1.0641057 2.0814727 1.1216441 1.8666889 1.0090980 1.6390832 1.0741888 1.4385931 1.7366378 2.3795271 1.0917144 1.6941156 1.0663215 0.6307125 2.0347373 1.8722846 2.0212055 1.9746019 1.0470683 1.0300424 1.0314644 1.0326957 1.0328057 2.0810609 1.6700636 0.9432758 1.9408700 1.1329804 1.0121917 2.0474491 2.0480828 2.0436803 1.8770218 1.4826722 1.9164896 1.8640398 1.8177650 1.7601545 1.6447233 1.0819175 1.7333865 2.0327780 1.0171792 1.0366571 1.6714935 1.8678102 1.0465871 1.7931099 1.1011328 1.2198249 1.8244678 1.0296007 1.7571524 1.4691076 1.9803706 1.0698500 1.9636276 1.0494031 1.7185801 1.1123285 1.0346560 1.8923502 1.1188806 2.0384851 2.1208347 1.0476971 1.6870194 1.7210730 1.0237132 1.7043826 1.6689181 1.0627079 1.0317975 1.8700923 1.8742505 1.1399557 1.8638822 1.0049256 1.1773997 1.6400741 1.0482380 1.2449921 1.9069612 1.0249724 2.0205191 1.7208959 1.9020011 1.0067476 1.8587295 0.5463337 1.0627079 1.2887429 1.0141825 1.0509905 2.0375776 2.1063972 1.0143334 1.8193314 2.4853697 1.0641017 1.7869937 0.9013851 1.0371442 1.8372328 1.0651857 1.4814137 1.8844146 1.8944617 2.0684470 0.5550898 0.9750205 1.1184777 1.7059346 2.0664736 1.8448637 1.6941110 0.9936242 1.0500413 2.1138709 2.1177065 2.2168406 1.0294059 0.9701327 1.0302305 0.9918499 1.9582609 1.9057337 1.8496989 1.0903390 1.6019020 0.9801129 1.4829885 1.5936319 
GCA_016716405_ASM1671640v1                                2.0231138 1.7092159 0.0000000 2.0326902 1.7905498 0.8586782 2.1080016 2.0501567 0.7992482 1.8405301 1.8903565 1.7599928 2.0113111 0.9146639 2.0389436 1.7749082 1.7929320 1.8909440 1.7835189 1.6823622 0.8246688 0.8240728 1.7470502 1.8632863 1.7446200 1.7337347 1.9321242 1.7245767 2.0473707 1.7791453 2.0541009 0.8172932 1.9097535 1.7862489 2.0311206 0.8151061 1.8097601 1.6059229 2.0368489 1.7510802 1.9836635 1.7410403 1.7416502 1.7560587 1.7328707 1.7627514 2.0437994 1.6165725 1.7917950 2.0514855 1.8189581 1.8991893 1.9951603 1.8974710 1.8442142 1.8338669 1.7561190 1.7544422 1.9944956 1.7805544 1.7378705 2.0090308 1.8421789 1.8059917 1.6738104 1.7481660 1.9995546 2.0166759 1.8618580 0.8136471 1.7160868 1.7471368 0.7992034 1.8662232 1.6459876 1.7793717 2.3713151 1.8320072 1.8013274 1.6960252 1.7915120 1.9939894 1.8465822 1.7806580 1.7555564 0.7674172 1.7978045 2.0301767 1.6732362 2.3861525 1.7890482 0.8131996 1.8075151 1.6477288 2.0185792 1.7869413 2.0092585 1.9925253 1.7479717 1.7486694 1.7302419 1.7749991 1.8805278 2.0164268 1.9612321 1.7730514 1.8248699 1.9418749 1.7732766 2.0542442 2.0469120 2.0599087 1.8143169 1.9125691 2.0499252 1.8526978 1.7200386 0.8520968 1.7202717 1.8201573 0.8060684 2.0360904 1.7340857 1.7814461 0.8212065 1.8473402 1.7877441 1.8224221 1.8606415 1.9653239 1.7607652 1.7462807 0.8280882 1.9114594 1.9734597 1.7949978 1.9791975 1.7719176 0.8215143 1.8405807 1.7484360 2.0006937 1.8463619 1.9514061 2.0160300 1.7403189 0.8066634 0.7102522 1.7589660 0.7992189 0.7969467 1.7944686 1.7358938 1.8008888 1.8916271 1.8875996 1.7990428 1.7223729 1.8584076 0.7748030 1.7785697 1.8904201 1.8608828 1.7337515 2.0176921 0.8006326 1.8572478 1.7281295 1.7230015 1.6318143 1.7882607 1.9296179 1.7430341 1.7836418 2.0411635 2.0109961 1.7319457 0.9075026 2.4863551 1.8018688 1.7912236 1.6648099 1.7505992 1.0588790 1.7917389 1.9097535 1.7660638 1.9927430 2.0810153 1.6321532 1.7190598 1.9114905 0.8083153 2.0848743 1.9905142 0.7987735 1.7877665 1.7711268 2.0968256 2.0292003 2.1681249 1.7325878 1.7361622 1.7471566 1.7280980 2.0721392 2.0173543 1.9570193 1.8521605 1.6148946 1.6638589 1.9071003 0.7658338 
GCA_002325645_ASM232564v1                                 0.1010506 2.0295401 2.0326902 0.0000000 2.1457068 2.0918403 0.6629290 0.1019574 2.0758851 2.1624235 2.2840323 2.1250675 0.6507678 1.9030028 0.5384421 1.9687392 2.0951751 2.2852480 2.1478745 2.0267220 2.0722792 2.0670052 2.1447024 2.1623830 2.1079489 2.0963966 1.2102437 2.0790876 0.6074543 2.1207440 0.1019072 2.0850714 2.1022707 2.1290626 2.3103739 2.0875161 2.1463085 1.9388190 0.1050303 2.1125726 2.3120729 2.1051729 2.1050452 2.1425917 2.0986704 2.1072730 0.0883674 1.9267589 2.1546060 0.0988931 2.1381122 2.1122443 0.1084256 2.0856195 2.2547354 2.2591336 2.1916033 2.1274893 2.3678299 2.1328507 2.1088748 0.9034235 2.2264368 1.1228259 1.9771534 2.1014151 1.0511968 0.0824102 1.2080576 2.0775096 2.1585249 2.0973105 2.0632039 2.1953092 2.0553618 1.9810180 2.4501291 2.1387942 2.1516045 2.0378422 2.1260712 0.5716052 2.1953625 1.1375208 2.0892235 1.9582129 2.1624947 2.2149315 1.8467800 2.7012104 2.1440000 2.0363521 2.1740008 1.9652402 0.1538572 1.1436237 0.0654196 0.4676963 2.0933623 2.0799379 2.1098852 2.1445843 2.1337924 0.9005170 2.2717532 2.1189391 2.2747136 2.2594639 2.0993431 0.1014622 0.1279563 0.1008907 1.1133874 2.1027412 1.0442510 1.0885228 2.1921935 2.1280408 1.9081158 2.1636033 2.0763022 0.1242060 2.0676554 2.1337323 2.0287321 1.1255168 2.1518739 1.8914594 2.2468369 2.2520275 2.1826978 2.0967926 2.1121273 2.1006594 2.0518866 2.1236013 2.0650104 2.1006534 2.0896103 2.1830928 2.0954319 1.0455100 2.1649164 2.3551384 0.9318800 2.0958020 2.0398823 2.0966130 2.0957352 2.0768204 2.0478205 2.1273500 2.1094116 1.1520167 1.0739583 2.2371673 1.1488057 2.0764141 2.1772051 2.0090426 2.1337024 2.1914179 1.1440482 1.9619237 0.0886942 2.1009895 1.2072609 2.0775638 2.1591389 1.9353003 2.1155743 2.2456028 2.0977811 2.1722357 0.0910550 0.9069810 2.1010685 2.2155071 2.8152335 2.1461775 1.9655130 1.9980402 2.1486080 2.0817017 2.1705848 2.1022707 2.2049060 1.0403609 0.1112282 1.8494342 1.9418932 2.3111872 2.0548295 0.6789439 1.9959591 2.0662802 2.0596111 2.1501165 0.9420107 2.4631679 2.5215839 2.1067730 1.9960996 2.0973021 2.0913225 1.0663683 1.0339707 2.0073842 2.1741532 1.7974050 2.0465252 2.1063181 1.8371211 
GCA_910586855_MGBC142924                                  2.1500649 1.0812072 1.7905498 2.1457068 0.0000000 1.7929603 2.2031696 2.1519133 1.7886084 0.8476781 0.1105265 0.7912521 2.1517284 1.7818732 2.2059468 1.9355990 0.7815155 0.8658223 0.7926045 1.0955582 1.8431512 1.7847317 0.8038354 0.6213730 0.7549922 0.1450230 2.0746189 0.7708093 2.1374164 0.8120015 2.1493255 1.7913482 1.6216283 0.7772654 0.8760836 1.8311964 0.1701422 1.0369459 2.1580330 0.7845347 0.9138505 0.7541914 0.7627898 0.7969842 0.7631635 0.8146267 2.1401566 0.8866747 0.8238785 2.1474163 0.6088688 1.9643328 2.1299857 1.6069991 0.1111485 0.7988369 1.9378994 0.7741116 0.9466986 0.7955365 0.7504642 2.2195044 0.8362738 1.9523560 0.7114337 0.7864683 2.1107767 2.1339221 2.0581741 1.8028211 1.8786888 0.7682191 1.7983397 0.6415892 0.7029985 1.9202830 2.4216683 0.5849045 0.7969338 0.7264591 0.7916449 2.1941179 0.8435346 1.9592593 0.7645943 1.7358567 0.8270338 1.1890547 1.8123638 2.4260707 0.1574243 1.7969379 0.8058388 1.0360272 2.1474920 1.9375020 2.1333295 2.1253161 0.7887724 0.7712526 0.7730786 0.7645937 0.8136352 2.2173761 1.7811108 0.7465505 1.9909750 0.8713422 0.7684595 2.1573185 2.1325872 2.1455192 2.0130372 1.6215757 2.1206550 1.9997364 1.9062673 1.8388959 1.7969013 0.1044758 1.8106736 2.1163767 0.7709601 0.7817175 1.7655286 1.9596965 0.7993642 1.8426165 0.8073035 1.1991644 1.9314446 0.7680827 1.8489100 1.5943419 2.0237882 0.1751379 2.0030089 0.7843823 1.7962095 0.8340240 0.7814889 2.1129740 0.4557021 2.1118237 2.2372517 0.7642300 1.7953157 1.8054067 0.7790650 1.8042915 1.7408365 0.7949139 0.7741466 1.9655292 2.0238669 0.8661843 1.9602342 0.7443593 0.6095505 1.7414746 0.7956076 0.6632219 2.0187323 0.8004290 2.1290218 1.7667579 2.0347706 0.7292608 1.9406938 1.0949445 0.7908553 0.6920641 0.7711002 0.8143100 2.1462324 2.2075303 0.7521547 1.9079846 2.4196520 0.1563536 1.8739803 0.6970343 0.7800774 1.9321939 0.7954208 1.6216283 1.9571810 2.0968642 2.1834243 1.0774198 0.7721919 0.8291968 1.7647684 2.1733772 1.9195045 1.7927472 0.7552365 0.7902701 2.3150903 2.1116364 2.1503873 0.7726927 0.7922837 0.7682869 0.7319411 2.1635314 2.1118676 1.9724046 0.1974450 1.7447271 0.7217025 1.6266916 1.6742523 
GCA_017307165_ASM1730716v1                                2.0738265 1.6963800 0.8586782 2.0918403 1.7929603 0.0000000 2.1273781 2.0883738 0.5727407 1.8043187 1.8835821 1.7456674 2.0470919 0.8959738 2.0517379 1.8102621 1.8016879 1.8841261 1.7788247 1.6632691 0.8110681 0.5940850 1.7565450 1.8535691 1.7386590 1.7321935 1.9157808 1.7196272 2.0382072 1.7484231 2.0884810 0.5866369 1.9354584 1.7618641 2.0598956 0.5621340 1.7975636 1.6297370 2.0823119 1.7371551 1.9720872 1.7340818 1.7384257 1.7393551 1.7285810 1.7377856 2.0758937 1.6631473 1.7645041 2.0788156 1.8056269 1.9231777 2.0262943 1.9195430 1.8611598 1.8391313 1.7516459 1.7594079 1.9736788 1.7611049 1.7307455 2.0642655 1.8446845 1.8074193 1.6445092 1.7477343 2.0300204 2.0592776 1.8957343 0.5816956 1.7296139 1.7404363 0.5402111 1.8936697 1.6483363 1.8187142 2.4341126 1.8214859 1.7642292 1.6775620 1.7588967 2.0238218 1.8354288 1.8088591 1.7645154 0.4966132 1.7759191 2.0290125 1.6770848 2.3708695 1.7927960 0.7744363 1.7709891 1.6617141 2.0581525 1.8141252 2.0668293 2.0320270 1.7297062 1.7332953 1.7461232 1.7855846 1.8661218 2.0452385 1.9911458 1.7162016 1.8370588 1.9127644 1.7732013 2.0971052 2.0943381 2.0899235 1.8112634 1.9349641 2.1530739 1.8451961 1.7137169 0.6100880 1.7242268 1.7987096 0.5621915 2.0744738 1.7165117 1.7701104 0.8207131 1.8093620 1.7593186 1.8501788 1.8523537 1.9542864 1.7508846 1.7406193 0.5693966 1.9200231 2.0026440 1.7865964 2.0209950 1.7515998 0.5881775 1.8110408 1.7454170 2.0190640 1.8216209 2.0214775 2.0930374 1.7387730 0.5465346 0.8677724 1.7443704 0.5379321 0.5563527 1.7640264 1.7492483 1.8173879 1.8860734 1.8964678 1.8048596 1.6916953 1.8293097 0.7456898 1.7431702 1.8819898 1.8870052 1.7752247 2.0687181 0.5770004 1.8491465 1.7150377 1.7365592 1.6659841 1.7569785 1.8972752 1.7395488 1.7579623 2.0761052 2.0804232 1.7154145 0.9228218 2.5622662 1.7931895 1.8104050 1.6259007 1.7625137 1.0515320 1.7635724 1.9354584 1.7916892 2.0110766 2.1068705 1.6194049 1.7079403 1.8990483 0.5843687 2.0779210 1.9414967 0.5384494 1.8060045 1.7562026 2.1371997 2.0920300 2.2099987 1.7456199 1.7138831 1.7402406 1.7393055 2.0189430 2.0190141 1.9677349 1.8211725 1.6111267 1.6609441 1.9315194 0.7025632 
GCA_012031195_ASM1203119v1                                0.6550455 2.1296519 2.1080016 0.6629290 2.2031696 2.1273781 0.0000000 0.6780150 2.1257613 2.2695158 2.3518335 2.2227539 0.7039387 1.9539303 0.6588023 2.0137461 2.2123899 2.4286783 2.2347010 2.1087184 2.0665941 2.1292326 2.2320669 2.2992865 2.1772185 2.0982582 1.2606870 2.1567437 0.1346287 2.2087040 0.6687388 2.1302256 2.2068805 2.2377888 2.4522077 2.1520171 2.2098353 2.0769570 0.6458746 2.2011358 2.4494897 2.1773500 2.1835321 2.2351251 2.1829705 2.2330975 0.6622800 2.0325685 2.2295855 0.6625347 2.2441209 2.0374765 0.6588238 2.1646898 2.3093668 2.3925767 2.3195818 2.2050293 2.4629679 2.2348231 2.1811300 0.8924678 2.3422525 1.1816633 2.1428495 2.2026051 1.0630749 0.6805331 1.2758718 2.1082495 2.2279478 2.1732232 2.1026774 2.3493072 2.1232055 1.9781328 2.4815489 2.2258939 2.2625996 2.1526948 2.2168595 0.6776479 2.2738370 1.1869292 2.1939446 2.0731522 2.2495578 2.3915508 1.8546555 2.8694791 2.1903283 2.1150458 2.2842839 2.1193740 0.6487007 1.1949283 0.6612983 0.6246702 2.2342518 2.2145969 2.2104738 2.2336766 2.2408691 0.8848653 2.2980517 2.3548390 2.4048438 2.3778913 2.2074212 0.6688944 0.6615464 0.6637915 1.1244365 2.2022067 1.0913986 1.2013266 2.2584320 2.2004403 1.9325418 2.1984914 2.1453190 0.6542359 2.1990346 2.2469566 2.0848041 1.2246520 2.2599898 1.8951563 2.2935953 2.4524894 2.3148108 2.1743587 2.1524540 2.1421681 2.0907733 2.1918956 2.0975972 2.2189889 2.1314113 2.2768493 2.1585425 1.0665416 2.2731705 2.5105849 0.9012374 2.1959540 2.1523997 2.1996468 2.1938054 2.1047520 2.1146471 2.2258535 2.2100164 1.2059003 1.1950187 2.3697886 1.1993074 2.1154371 2.2702968 2.0844671 2.2305775 2.1909273 1.1759470 1.9896639 0.6645824 2.1890112 1.2416372 2.1607195 2.2644789 2.1425441 2.2102734 2.3437463 2.1670695 2.2312985 0.6647384 0.8931465 2.1483370 2.3966263 3.1186370 2.1895133 2.0216163 2.1589692 2.1859912 2.1315795 2.2830306 2.2068805 2.3272741 1.0391808 0.6727404 1.9438947 2.1319305 2.3801292 2.1275220 0.7702894 2.1305565 2.0966234 2.1724237 2.2197805 0.9377511 2.6064100 2.6998210 2.2101856 2.1191306 2.1743587 2.2174545 1.1318617 1.0892862 1.9911880 2.2064847 1.8880583 2.0813878 2.2032109 1.9105985 
GCA_020404895_ASM2040489v1                                0.0907795 2.0464394 2.0501567 0.1019574 2.1519133 2.0883738 0.6780150 0.0000000 2.0827138 2.1743948 2.2955848 2.1190513 0.6616654 1.9087734 0.5526003 1.9866542 2.1172003 2.2857490 2.1486775 2.0410652 2.0761784 2.0725224 2.1373885 2.1794870 2.1078056 2.1086208 1.2197711 2.0847930 0.6193046 2.1334316 0.0168073 2.0913201 2.1294006 2.1448946 2.3391967 2.0898272 2.1631633 1.9477401 0.0950788 2.1118536 2.3350476 2.1045371 2.0992521 2.1320912 2.0966059 2.1195005 0.0592391 1.9209469 2.1677082 0.0344169 2.1374908 2.1047469 0.0999437 2.1093339 2.2757143 2.2595005 2.2040844 2.1324795 2.3792947 2.1518823 2.1111180 0.9119338 2.2221555 1.1300592 1.9958675 2.1144478 1.0645469 0.1148937 1.2218735 2.0765678 2.1593421 2.0919170 2.0766000 2.2095750 2.0441149 1.9998568 2.4596359 2.1414648 2.1695656 2.0516471 2.1391401 0.5884486 2.2079797 1.1434552 2.0983935 1.9721965 2.1739681 2.2222677 1.8507860 2.7086948 2.1544778 2.0533895 2.1753618 1.9760921 0.1570787 1.1536689 0.1036506 0.4727690 2.1172490 2.0800475 2.1050116 2.1373054 2.1557368 0.9117772 2.2855284 2.1379599 2.2741716 2.2728676 2.1127623 0.0248644 0.1303155 0.0309302 1.1223904 2.1296799 1.0523428 1.1008927 2.1843419 2.1416703 1.9205244 2.1738874 2.0799848 0.1230800 2.0685845 2.1249672 2.0341048 1.1234488 2.1541449 1.9081798 2.2532513 2.2487560 2.1969178 2.0917910 2.1139330 2.1092026 2.0719001 2.1376075 2.0750535 2.1040941 2.0924740 2.1961601 2.1083873 1.0580880 2.1781804 2.3485733 0.9328065 2.0932967 2.0511947 2.1132921 2.1059778 2.0833011 2.0491554 2.1433789 2.1047829 1.1612000 1.0884345 2.2464824 1.1565655 2.0879541 2.1789014 2.0225451 2.1349794 2.2086348 1.1453402 1.9686821 0.1197138 2.1023879 1.2172017 2.0803169 2.1586720 1.9561487 2.1297948 2.2309111 2.1172898 2.1794653 0.0585392 0.9113953 2.0968631 2.2189280 2.8102310 2.1637304 1.9893421 2.0173108 2.1432975 2.0836938 2.1824108 2.1294006 2.2091669 1.0585510 0.0561400 1.8557649 1.9567443 2.3060411 2.0574275 0.6874754 2.0096887 2.0800141 2.0760416 2.1426935 0.9479742 2.4523270 2.5061117 2.1020622 2.0062266 2.0922129 2.1000347 1.0832201 1.0528776 2.0364998 2.1985486 1.8021527 2.0621786 2.1351566 1.8556883 
GCA_017989675_ASM1798967v1                                2.0712012 1.7153586 0.7992482 2.0758851 1.7886084 0.5727407 2.1257613 2.0827138 0.0000000 1.8358663 1.8928870 1.7758461 2.0534098 0.8657074 2.0557253 1.8241749 1.8051954 1.9132098 1.7539925 1.7053171 0.7672857 0.0060313 1.7540847 1.8608201 1.7508919 1.7216270 1.9218574 1.7240497 2.0629884 1.7638128 2.0751654 0.0005497 1.8804456 1.7932588 2.0657327 0.3478594 1.8247620 1.6213053 2.0830106 1.7657859 1.9868591 1.7456288 1.7392728 1.7506550 1.7336619 1.7387684 2.0673026 1.6718161 1.7841045 2.0666919 1.8319488 1.9170752 2.0449009 1.8993077 1.8821998 1.8868062 1.7507030 1.7777575 1.9943799 1.7990634 1.7457557 2.0485880 1.8643000 1.7985777 1.6737520 1.7578658 2.0459183 2.0827266 1.8840559 0.0011453 1.7234327 1.7436531 0.2838800 1.8724017 1.6799417 1.8117001 2.5022164 1.8235410 1.7988134 1.7063902 1.7860210 2.0496497 1.8548760 1.7845543 1.7297305 0.2656257 1.7975622 2.0179362 1.7083353 2.3668876 1.7787419 0.7184540 1.7827875 1.6653406 2.0778400 1.7907564 2.0802143 2.0683775 1.7528430 1.7496071 1.7534169 1.7843899 1.8545722 2.0684798 1.9735878 1.7719024 1.8478594 1.9298005 1.7382064 2.0743616 2.0991302 2.0782438 1.8387536 1.8816281 2.0865278 1.8616694 1.7279673 0.0171100 1.7655363 1.8052993 0.3397029 2.0995543 1.7264605 1.7814159 0.7875353 1.7861548 1.7655529 1.8846720 1.8622800 1.9676795 1.7540067 1.7414056 0.3586286 1.9032394 2.0087639 1.7790406 2.0460968 1.7662825 0.0066019 1.8363440 1.7296039 2.0219301 1.8309905 1.9979440 2.0775915 1.7446463 0.3392699 0.8545938 1.7615477 0.2829654 0.0020124 1.7878259 1.7589454 1.8064692 1.8922043 1.8935934 1.7959540 1.7177196 1.8586408 0.7026525 1.7537449 1.9698843 1.8717987 1.7712696 2.0736068 0.0009077 1.8815573 1.7387010 1.7398074 1.6809987 1.7799155 1.9018474 1.7603589 1.7866671 2.0668665 2.0617306 1.7006767 0.8781690 2.5347423 1.7803976 1.8470904 1.6790506 1.7592104 1.0263525 1.7864719 1.8804456 1.7930838 2.0328556 2.0814751 1.6417126 1.7179429 1.9152801 0.0046517 2.1112969 1.9453993 0.2853066 1.7910751 1.7529322 2.1789016 2.0946054 2.1642407 1.7528730 1.7515627 1.7404949 1.7114707 2.0298941 2.0531961 1.9703977 1.8276590 1.5997802 1.6602969 1.8803578 0.6793515 
GCA_002102725_ASM210272v1                                 2.1753645 1.0920908 1.8405301 2.1624235 0.8476781 1.8043187 2.2695158 2.1743948 1.8358663 0.0000000 0.8803180 0.5532831 2.1590233 1.7503016 2.2487392 1.9493522 0.8273539 0.5792979 0.5105469 1.1609881 1.8730168 1.8107034 0.5639776 0.9652531 0.5091123 0.8218021 2.0611058 0.5014057 2.1911177 0.0496236 2.1680636 1.8276500 1.6793882 0.0298240 0.8988194 1.8556393 0.8486028 1.0623607 2.1835325 0.5355701 0.2723880 0.5086485 0.5094707 0.5511036 0.5142625 0.0312859 2.1696209 0.9720165 0.0247758 2.1750837 0.9015060 1.9557744 2.1716852 1.6422367 0.8542494 0.5487346 2.0063242 0.5322093 0.2908828 0.0288121 0.5053415 2.2474651 0.5717080 1.9637530 0.7019062 0.2123378 2.0774305 2.1454759 2.0602765 1.8484801 1.9585475 0.5128203 1.8440121 0.9631855 0.4756872 1.9609846 2.4729399 0.9267620 0.0295394 0.4413712 0.0263708 2.2475297 0.2535132 1.9851495 0.6128154 1.7816046 0.0337329 1.1871717 1.8321671 2.4852938 0.8422251 1.8448215 0.5660151 1.0967963 2.1784054 1.9913872 2.1455758 2.1167143 0.4940618 0.4590083 0.5267201 0.5303317 0.8280616 2.2150037 1.7888332 0.7291398 1.9853854 0.2903899 0.6124350 2.1768995 2.1669611 2.1743857 2.0288629 1.6801501 2.0921054 1.9781888 1.9649123 1.8804979 1.7619680 0.8460458 1.8465075 2.1531331 0.4647512 0.7907720 1.7978722 1.9917529 0.5611312 1.8970938 0.2638367 1.3159004 2.0008455 0.5130336 1.8635800 1.6356634 2.0591029 0.8539987 2.0392542 0.5600218 1.8327509 0.0542617 0.5342366 2.0749906 0.8919672 2.1266653 2.2595100 0.5387365 1.8231683 1.8474372 0.5270091 1.8462653 1.7916799 0.0232349 0.5272947 2.0016483 2.0298382 0.2707665 2.0017604 0.0318423 0.9563173 1.7894760 0.5583197 0.9679760 2.0468063 0.8191556 2.1614005 1.8282638 2.0378942 0.5103295 1.9982479 1.1405115 0.0245238 0.9700423 0.7723417 0.0338116 2.1670581 2.2480715 0.4738655 1.9014982 2.4900408 0.8472594 1.8855918 0.6916363 0.5288419 1.9902989 0.0305261 1.6793882 2.0224151 2.0587843 2.1905498 1.1408970 0.8012703 0.5811861 1.8023506 2.1911590 1.9726089 1.8400678 0.7933908 0.5509612 2.3680152 2.1445697 2.2332679 0.5267614 0.8134661 0.5137259 0.4945306 2.1444162 2.0825850 1.9694527 0.8709752 1.7474510 0.4708967 1.6789569 1.7557013 
GCA_910587055_MGBC157385                                  2.2808732 1.1237271 1.8903565 2.2840323 0.1105265 1.8835821 2.3518335 2.2955848 1.8928870 0.8803180 0.0000000 0.8287114 2.3018220 1.8778439 2.3441493 2.1095875 0.8432057 0.9037014 0.8487708 1.1663577 1.9524846 1.8838053 0.8414675 0.6741047 0.7948327 0.1635095 2.1831059 0.8155346 2.3210621 0.8722449 2.2814847 1.8900444 1.7400267 0.8249814 0.9269309 1.9306866 0.1931373 1.1214176 2.3029072 0.8260315 0.9100725 0.7941605 0.8100030 0.8544711 0.8103190 0.8777076 2.2843196 0.9495517 0.8876813 2.2873757 0.6569412 2.1391093 2.2749131 1.7294764 0.0553142 0.8365766 2.0354317 0.8214547 0.9858073 0.8365404 0.7908343 2.3562430 0.8673854 2.0538956 0.7426931 0.8374826 2.2122252 2.2646533 2.1609695 1.8964515 1.9791134 0.8087212 1.9159455 0.6976702 0.7392521 2.0648588 2.4792590 0.6429574 0.8421131 0.7573612 0.8463664 2.3644531 0.8870774 2.0787631 0.8219370 1.8522982 0.8839295 1.2252583 2.0414919 2.5218764 0.1762501 1.9034177 0.8558975 1.1016082 2.2756276 2.0551415 2.2591089 2.2640944 0.8284756 0.8063581 0.8125022 0.8196378 0.8694315 2.3548730 1.8958883 0.7992759 2.0939585 0.9090663 0.8257756 2.2906049 2.2892297 2.2833636 2.1341545 1.7413080 2.2348875 2.1176765 2.0079092 1.9428678 1.9439271 0.1182958 1.9149544 2.2680828 0.8036718 0.8368121 1.8670473 2.0793066 0.8492897 2.0044565 0.8546100 1.2663122 2.0310325 0.8070782 1.9446385 1.7170131 2.1737326 0.1943974 2.1635693 0.8350425 1.8971856 0.8967393 0.8302840 2.2114478 0.4988023 2.2155596 2.3606402 0.8043385 1.8953843 1.9132664 0.8204164 1.9148734 1.8415414 0.8450359 0.8118464 2.0781213 2.1392205 0.9049988 2.0779320 0.7918703 0.6575897 1.8587930 0.8441573 0.6773116 2.0522000 0.8632333 2.2694163 1.8685845 2.1549910 0.7857393 2.0345068 1.1635452 0.8450359 0.7634389 0.8284278 0.8747346 2.2875443 2.3563711 0.7804324 1.9683545 2.5538925 0.1670802 2.0362153 0.7346015 0.8296060 2.0751554 0.8535013 1.7400267 2.0837381 2.2065228 2.3230462 1.1223374 0.8324600 0.8615974 1.8650616 2.3204145 2.0514827 1.9105518 0.8087313 0.8427954 2.4085908 2.2090444 2.2290295 0.8114191 0.8509653 0.8084516 0.7669965 2.3010279 2.2269809 2.1523174 0.2094348 1.8814448 0.7556403 1.7427241 1.8024797 
GCA_002103105_ASM210310v1                                 2.1112061 1.0448804 1.7599928 2.1250675 0.7912521 1.7456674 2.2227539 2.1190513 1.7758461 0.5532831 0.8287114 0.0000000 2.1090081 1.6645231 2.1798367 1.9040509 0.7607107 0.5537809 0.3517145 1.0840352 1.7785670 1.7585164 0.1887615 0.9046495 0.3357146 0.7477485 2.0101904 0.3433677 2.1143697 0.5297139 2.1167082 1.7682392 1.6028651 0.4974562 0.8642468 1.7797856 0.7886972 0.9972413 2.1183486 0.4837313 0.6011568 0.3361912 0.3326260 0.1754538 0.3430152 0.5049179 2.1207228 0.8864068 0.5166382 2.1221137 0.8605538 1.9044600 2.1004010 1.5860637 0.8392508 0.3534122 1.9645056 0.3533395 0.6148213 0.5056293 0.3324717 2.1783164 0.0139852 1.8921364 0.6308077 0.4995901 2.0552630 2.1013622 2.0132523 1.7938780 1.9081573 0.3350388 1.7910691 0.8794944 0.3045049 1.9386627 2.4007065 0.8642886 0.5030158 0.4377589 0.5046133 2.1881495 0.5564458 1.9407478 0.5566858 1.7425902 0.5268411 1.1345012 1.7927228 2.4767664 0.7814942 1.7575201 0.1203381 1.0345022 2.1198076 1.9236137 2.1109958 2.0814700 0.4825945 0.4568486 0.4827886 0.3576923 0.7692698 2.1549602 1.7756416 0.6869079 1.9402440 0.5765411 0.5609464 2.1216069 2.1203560 2.1192433 1.9729747 1.6043963 2.0661897 1.9389960 1.9270086 1.8185014 1.7427280 0.7803735 1.7653472 2.1073109 0.4684026 0.7240564 1.7183327 1.9474593 0.1192299 1.8523635 0.5356694 1.2516807 1.9608525 0.3356240 1.7898046 1.6053516 1.9565001 0.7928557 1.9597901 0.1252039 1.7744004 0.5408816 0.4059063 2.0509653 0.8338639 2.1326274 2.1964705 0.3602703 1.7500666 1.7811176 0.4829410 1.7936172 1.7330524 0.5061721 0.4848193 1.9248208 1.9935821 0.5728617 1.9354249 0.4619883 0.8677811 1.7067532 0.1189883 0.9513913 1.9716276 0.7655654 2.1091228 1.7708214 1.9901438 0.3427642 1.9387815 1.0735965 0.5024646 0.9214771 0.6955041 0.5205439 2.1159130 2.1763392 0.3203048 1.8048683 2.4640524 0.7693363 1.8410794 0.6276791 0.3665268 1.9600281 0.5025364 1.6028651 1.9978793 2.0391174 2.1343435 1.0688554 0.7387565 0.5386638 1.7488227 2.1149478 1.8829348 1.7861650 0.7232831 0.1504347 2.3117048 2.0923871 2.2000580 0.4838989 0.7489473 0.3359130 0.3235452 2.1179096 2.0609601 1.9388075 0.8063708 1.6974557 0.3080294 1.6059613 1.6597351 
GCA_025055675_ASM2505567v1                                0.6429452 2.0600714 2.0113111 0.6507678 2.1517284 2.0470919 0.7039387 0.6616654 2.0534098 2.1590233 2.3018220 2.1090081 0.0000000 1.8882149 0.6644072 1.9749507 2.1014643 2.3048044 2.1620140 2.0184355 2.0514165 2.0475710 2.1322648 2.1538291 2.1030208 2.1004262 1.2252941 2.0922556 0.6623659 2.1141811 0.6572678 2.0647214 2.0475096 2.1214924 2.3321219 2.0908574 2.1621248 1.9604481 0.6467136 2.0933439 2.3335058 2.1013016 2.1161857 2.1188306 2.0774736 2.0984339 0.6582935 1.9399928 2.1382454 0.6602223 2.1359904 1.9888040 0.6632581 2.0068965 2.2720440 2.2753904 2.1200639 2.1167246 2.4269167 2.1251204 2.1049734 0.8637848 2.2283492 1.1511502 2.0061712 2.1091081 0.9721060 0.6562499 1.2337868 2.0597962 2.1632883 2.1203628 2.0286385 2.2093977 2.0459600 1.9669345 2.4713473 2.1240975 2.1324347 2.0289289 2.1244758 0.6783557 2.1928788 1.1688785 2.0814704 1.9757479 2.1557601 2.2371540 1.8453658 2.6852585 2.1470273 2.0313921 2.1646828 1.9712016 0.6452620 1.1818034 0.6458560 0.5943444 2.0912239 2.0880738 2.0921799 2.1380353 2.1792779 0.8568665 2.2202739 2.1007522 2.2588886 2.2716601 2.0932841 0.6540809 0.6633094 0.6576101 1.1439889 2.0481731 1.0093527 1.1497898 2.1350401 2.1190966 1.8536805 2.1494570 2.0759075 0.6538030 2.0760407 2.1136904 1.9983306 1.1655532 2.1423951 1.7865977 2.2428257 2.3113362 2.1318786 2.1184610 2.1017049 2.0378829 2.0163832 2.1263920 2.0131467 2.0778440 2.0668950 2.1731634 2.1034617 0.9804046 2.1974174 2.3538376 0.9087178 2.0895769 2.0518464 2.0892921 2.0761595 2.0253992 2.0214783 2.1267123 2.0925454 1.1917499 1.1347116 2.2552206 1.1888646 2.0711593 2.1655121 2.0122252 2.1219544 2.1787773 1.1393790 1.9291189 0.6558707 2.0918310 1.2430205 2.0856362 2.1557208 1.9448155 2.1148375 2.2293447 2.0558812 2.1558384 0.6605261 0.8674633 2.1195826 2.1530593 2.7339014 2.1536198 1.9500661 2.0281350 2.1226349 2.0761515 2.1653833 2.0475096 2.1801511 0.9721456 0.6660912 1.8555677 1.9296862 2.3074922 2.0439241 0.3113817 2.0047085 2.0248429 2.0804611 2.1305510 0.9031098 2.4781878 2.5144966 2.0878673 1.9858151 2.1187968 2.0949137 1.0650879 0.9887658 1.9688515 2.1705426 1.8048962 2.0515456 2.0482143 1.8829095 
GCA_014380105_ASM1438010v1                                1.9027409 1.6958958 0.9146639 1.9030028 1.7818732 0.8959738 1.9539303 1.9087734 0.8657074 1.7503016 1.8778439 1.6645231 1.8882149 0.0000000 1.9062263 1.7778040 1.8004751 1.7995333 1.7128682 1.7104021 0.7958054 0.8649387 1.6687010 1.8776226 1.6900160 1.7350727 1.8156661 1.6467635 1.9493602 1.6912847 1.9053488 0.8696470 1.9066865 1.7043048 1.9911937 0.8663218 1.7877658 1.6470508 1.9166018 1.7072146 1.8791952 1.6882429 1.6771093 1.6938380 1.6699322 1.6753702 1.8992453 1.6834904 1.7107173 1.9024853 1.8649580 1.9123664 1.8452003 1.9621115 1.8522929 1.8524162 1.7645048 1.7688918 1.8828997 1.6715327 1.6859901 1.8540147 1.7546825 1.6801360 1.6555231 1.7165370 1.8643166 1.9091051 1.7860814 0.8810764 1.7451603 1.6709086 0.8406293 1.8961855 1.6651115 1.7286638 2.3174724 1.8274639 1.7064208 1.6487478 1.7046441 1.8724892 1.7978391 1.6545544 1.7156783 0.8075306 1.7152032 2.0077456 1.6652519 2.3563545 1.7826696 0.7535253 1.7326346 1.6450963 1.8901889 1.6675231 1.9056765 1.8591949 1.7135397 1.6958290 1.6895894 1.7013249 1.8148511 1.8687730 2.0045473 1.7168596 1.8307317 1.8379143 1.7293156 1.9060974 1.9244787 1.8965400 1.7291515 1.9057734 1.9093994 1.7712673 1.7297206 0.9094589 1.7394436 1.7924563 0.8576672 1.9210427 1.6829674 1.7185743 0.3642960 1.6577236 1.7146199 1.8203843 1.8036765 1.9567252 1.7607704 1.6715149 0.8719426 1.9298235 1.9563774 1.7630537 1.9794968 1.7097245 0.8754393 1.7472626 1.7092316 1.8479759 1.8322284 1.9697432 1.8903135 1.6857087 0.8464427 0.9293099 1.7114042 0.8407127 0.8455614 1.7046434 1.6927837 1.7098420 1.7858106 1.8513747 1.6491844 1.6461868 1.8441905 0.7438358 1.7038954 1.8801888 1.6972046 1.6879133 1.9047697 0.8588540 1.7776938 1.6695412 1.7267678 1.6235409 1.7001682 1.8732580 1.6473743 1.6860225 1.8915376 1.8674617 1.6591278 0.3962365 2.4872448 1.7792794 1.7695873 1.6324211 1.6832542 1.0796312 1.7624868 1.9066865 1.8228587 1.8421406 1.9069951 1.6253602 1.7355423 1.8155610 0.8513556 1.8911510 1.9719633 0.8388678 1.7605972 1.6737828 1.8584081 2.0763068 2.1463898 1.6868022 1.7531682 1.6708582 1.6549589 1.8948333 1.8653143 1.8653084 1.8005256 1.6217122 1.6276634 1.9064507 0.8094505 
GCA_002291895_ASM229189v1                                 0.5391727 2.0868940 2.0389436 0.5384421 2.2059468 2.0517379 0.6588023 0.5526003 2.0557253 2.2487392 2.3441493 2.1798367 0.6644072 1.9062263 0.0000000 1.9918659 2.2003328 2.4171603 2.2170224 2.0460362 2.0743083 2.0503243 2.1996587 2.2154953 2.1758246 2.1528202 1.2437718 2.1532018 0.6037451 2.2109613 0.5487105 2.0612935 2.0500418 2.2023214 2.4531081 2.0808171 2.2239199 2.0136272 0.5424913 2.1700623 2.4511420 2.1717860 2.1639490 2.1797958 2.1722347 2.1845014 0.5385495 1.9858876 2.2266521 0.5498738 2.2049562 2.0251641 0.5433262 2.0326755 2.3222675 2.3676755 2.2114358 2.1924279 2.4999396 2.2174454 2.1762724 0.8735955 2.2918053 1.1678638 2.0452713 2.1987854 0.9813212 0.5474341 1.2326231 2.0533297 2.1680727 2.1673558 2.0377020 2.2678762 2.1136931 2.0162303 2.4212690 2.1877366 2.2269671 2.0955369 2.2119299 0.1510608 2.2951289 1.1608315 2.1687751 1.9709108 2.2405645 2.3519841 1.8681987 2.7431412 2.2110387 2.0450506 2.2462929 2.0413193 0.5436008 1.1766633 0.5379458 0.5407137 2.1810914 2.1519564 2.1534940 2.2129949 2.2580768 0.8808747 2.1759506 2.1860726 2.2928983 2.3385571 2.1791684 0.5510103 0.5521874 0.5480634 1.1356176 2.0474145 0.9915954 1.1376049 2.1962124 2.1228845 1.8579763 2.2130738 2.0658065 0.5475934 2.1398425 2.2075556 2.0247102 1.1566246 2.2231389 1.8320016 2.3316284 2.3911869 2.2056058 2.1640670 2.0879799 2.0237472 2.0610464 2.1966939 2.0824235 2.1620916 2.0678857 2.2686557 2.1493421 0.9946620 2.2498597 2.4145422 0.8909870 2.1614152 2.0433854 2.1130470 2.1788044 2.0434906 2.0111500 2.2147454 2.1569594 1.1920814 1.1267165 2.3456129 1.1965809 2.1445633 2.2070579 2.0240928 2.2026041 2.2347867 1.1761538 2.0417039 0.5418963 2.0811856 1.2266963 2.1260505 2.2082676 1.9995990 2.2013895 2.2978477 2.1420870 2.2361697 0.5364988 0.8753889 2.1703116 2.2167155 2.9029264 2.2168838 1.9612873 2.0587424 2.2010319 2.1130097 2.2484972 2.0500418 2.2284340 0.9816413 0.5553316 1.8811784 2.0209618 2.3841635 2.0347244 0.7031784 2.1189388 2.0383486 2.1630489 2.2115036 0.9276002 2.5530275 2.5837479 2.1522075 2.0856816 2.1645146 2.1550815 1.0727746 0.9933810 2.0209341 2.2390535 1.8018902 2.1144883 2.0516486 1.8580470 
GCA_021781555_ASM2178155v1                                1.9798960 1.8336138 1.7749082 1.9687392 1.9355990 1.8102621 2.0137461 1.9866542 1.8241749 1.9493522 2.1095875 1.9040509 1.9749507 1.7778040 1.9918659 0.0000000 1.9378847 2.1110611 1.9664999 1.7740088 1.7714308 1.8413343 1.9334722 2.0115497 1.8951521 1.8735678 1.8016829 1.8903803 1.9506353 1.8977309 1.9925909 1.8548273 1.8781173 1.8961897 2.1845945 1.8269909 1.9511440 1.6890473 1.9742261 1.8960292 2.1333018 1.8981384 1.8821388 1.9303229 1.9031405 1.8547666 1.9733125 1.7693027 1.8995687 1.9802935 1.9929508 0.8657197 1.9509457 1.8775525 2.0608565 2.1314023 2.0844219 1.9239370 2.1995556 1.8916846 1.8942039 1.9053874 2.0136333 1.6737417 1.8005698 1.8939065 1.8084289 1.9770589 1.7866969 1.8482886 2.0554336 1.9027497 1.8134540 2.0515823 1.7786909 1.3977025 1.9302720 1.9947196 1.9161872 1.8131239 1.8985312 2.0042126 1.9863373 1.6543497 1.9019428 1.7728607 1.9192888 2.0895751 0.1112478 2.6119298 1.9443479 1.7741601 1.9613997 1.7311848 1.9608110 1.6443072 1.9665669 1.9291635 1.9096504 1.8672908 1.9008280 1.9361296 1.9777652 1.8825301 1.9172369 1.8420732 2.1042702 2.0356258 1.9190764 1.9775652 1.9823720 1.9730692 1.7634304 1.8774123 1.8486258 1.7356772 2.0660439 1.9016045 0.9598066 1.9516052 1.8235566 1.9746311 1.8545989 1.8381801 1.8127095 1.6917783 1.9398174 1.1185082 1.9866770 2.1542902 2.0856872 1.8999208 1.8461845 1.8557220 1.6197540 1.9193694 1.6095361 1.9133571 1.8594504 1.9440945 1.8969672 1.8103164 1.9964203 2.3349811 1.9200590 1.8955692 1.7888298 1.8732214 1.9135788 1.8144871 1.8066538 1.9090450 1.8987244 1.6526760 1.7784424 2.0332899 1.6881369 1.8186442 1.9860605 1.7744229 1.9259351 2.2022804 1.7623009 1.8962470 1.9673752 1.8528467 1.7857359 1.8845074 2.0913114 1.7608305 1.8948651 2.0705283 1.8108607 1.8932874 1.9707684 1.9013994 1.8946277 1.9370049 2.8455954 1.9308946 0.5737018 1.7658163 1.9187558 1.9436104 1.9190210 1.8781173 2.1052354 1.7885219 1.9946818 1.7426728 1.8018460 2.1081447 1.8387590 2.0354506 1.6684399 1.8151715 1.8978277 1.9323370 1.9711038 2.4130557 2.4562796 1.8987922 1.8100251 1.8997217 1.8896074 1.8942963 1.8384253 1.5751958 1.9440767 0.9205211 1.8173817 1.8785017 1.6908838 
GCA_905234915_RUG30175                                    2.1121037 1.0426585 1.7929320 2.0951751 0.7815155 1.8016879 2.2123899 2.1172003 1.8051954 0.8273539 0.8432057 0.7607107 2.1014643 1.8004751 2.2003328 1.9378847 0.0000000 0.7946622 0.7536936 1.0917966 1.8589821 1.7962371 0.7639853 0.8839823 0.7153428 0.7619283 2.0216159 0.7402434 2.1287185 0.7972041 2.1176768 1.8126888 1.6177240 0.7562498 0.1304739 1.8416587 0.7824837 0.9990693 2.1102568 0.7180045 0.9130701 0.7161827 0.7390381 0.7609239 0.7325058 0.7824057 2.1107823 0.8684241 0.7928851 2.1165291 0.8732428 1.9708620 2.0779179 1.5954221 0.8315919 0.7856496 1.9130327 0.7284990 0.9180688 0.7691442 0.7135179 2.1841124 0.8062141 1.9320233 0.5917245 0.7644374 2.0678998 2.0968462 2.0436872 1.8263715 1.8699325 0.7402465 1.8355916 0.8997368 0.6676389 1.9240252 2.4492238 0.8783628 0.7698109 0.7002267 0.7663153 2.1812108 0.8187377 1.9274507 0.7167058 1.7851524 0.8024032 0.6720331 1.8351677 2.3958151 0.7892188 1.8134380 0.7746406 1.0083856 2.1060388 1.9182431 2.0846624 2.0791403 0.7595596 0.7420502 0.7027343 0.7289858 0.2659675 2.1691081 1.7469003 0.5989086 1.9509767 0.8338546 0.7198859 2.1192944 2.1108144 2.1197871 1.9730814 1.6172085 2.0759871 2.0005747 1.8738543 1.8542350 1.7558140 0.7800149 1.8214089 2.0917328 0.7355990 0.6005308 1.7769627 1.9253811 0.7684991 1.8512089 0.8044939 1.2216487 1.9103194 0.7414719 1.8433672 1.5798641 2.0178784 0.7855434 2.0264003 0.7634799 1.8065481 0.8050241 0.7389613 2.0701883 0.8060590 2.1334055 2.2155531 0.7345856 1.8176615 1.8251314 0.7136537 1.8363786 1.7736221 0.7725447 0.7029278 1.9427567 2.0157625 0.8280626 1.9475340 0.7078234 0.8849908 1.7546083 0.7652480 0.9474018 1.9731134 0.4987583 2.0868160 1.7825414 1.9911760 0.7066046 1.8841047 1.0352788 0.7671674 0.9753279 0.5980485 0.7814841 2.1068977 2.1911406 0.7281458 1.8775236 2.4459675 0.7811763 1.8813138 0.5852296 0.7409971 1.9298084 0.7719706 1.6177240 1.9552966 2.0491817 2.1419228 1.0331326 0.6973827 0.7943892 1.7771112 2.1186190 1.8867007 1.8320928 0.2331283 0.7640996 2.3184930 2.0977116 2.1780413 0.7026538 0.7209419 0.7417090 0.6987254 2.1088188 2.0734926 1.9596835 0.7851144 1.7595049 0.6884382 1.6172965 1.6850116 
GCA_905236205_RUG30328                                    2.2858232 1.1116892 1.8909440 2.2852480 0.8658223 1.8841261 2.4286783 2.2857490 1.9132098 0.5792979 0.9037014 0.5537809 2.3048044 1.7995333 2.4171603 2.1110611 0.7946622 0.0000000 0.5513503 1.2213907 1.9381834 1.8560914 0.5694368 0.9887338 0.4928407 0.8105562 2.1864338 0.5316045 2.2966236 0.5825998 2.2810464 1.8870669 1.7468826 0.5452905 0.8130677 1.9318558 0.8712449 1.0940932 2.3028406 0.2170374 0.5914102 0.4928864 0.5171052 0.5624622 0.5144760 0.5677992 2.2801144 0.9510694 0.5698290 2.2806790 0.9412602 2.1531519 2.2651821 1.7372415 0.8825389 0.4788215 2.0242239 0.5364192 0.5809818 0.5408427 0.4887392 2.3775010 0.5495156 2.0516001 0.6914615 0.5403706 2.2138755 2.2623641 2.1636671 1.9317272 1.9767031 0.5158345 1.8958885 0.9363949 0.4564308 2.0946013 2.3623719 0.9410087 0.5554416 0.4996702 0.5505830 2.4232940 0.5640791 2.0799760 0.5795619 1.8362919 0.5806769 1.0383665 1.9780982 2.4864362 0.8735692 1.8752740 0.5548718 1.1190764 2.2951367 2.0920575 2.2646406 2.2819082 0.5646994 0.5093818 0.2147579 0.5040086 0.8032029 2.3674146 1.8552095 0.7304545 2.0734644 0.6052601 0.5777517 2.2825564 2.2815034 2.2821890 2.0881231 1.7502455 2.2274491 2.0497231 2.0010006 1.8969129 1.9059818 0.8613791 1.9205859 2.2659698 0.5123230 0.7654529 1.8504291 2.0924427 0.5514854 2.0415168 0.5481086 1.2269341 2.0182233 0.5168157 1.9459401 1.7430085 2.1023294 0.8752764 2.0978522 0.5522603 1.8903862 0.6033000 0.5662112 2.2033646 0.9265683 2.1824262 2.4070489 0.5383520 1.8945376 1.8797039 0.1186452 1.8949131 1.8678279 0.5489438 0.2144758 2.1177050 2.0887366 0.5635305 2.1073307 0.5089145 0.9610530 1.8027699 0.5462108 1.0164618 2.0610964 0.7943907 2.2792881 1.8901740 2.1083997 0.4969507 1.9870626 1.2312767 0.5489438 0.9659653 0.7661740 0.5727981 2.2739639 2.3769207 0.4866859 2.0250694 2.4436190 0.8723948 2.0468376 0.6937845 0.5367753 2.0587612 0.5508754 1.7468826 2.0601499 2.2048746 2.3294161 1.1328008 0.8120232 0.2256194 1.8536672 2.3303390 2.0549140 1.8927832 0.7615801 0.5495828 2.3264970 2.1972826 2.2829700 0.2145890 0.8159443 0.5158323 0.4707999 2.3598462 2.2401443 2.0721792 0.8740081 1.8497157 0.4652671 1.7465439 1.7706087 
