167
GCA_002102725.1_ASM210272v1                                 0.0000000 1.5452886 0.4835288 0.4880116 1.4212571 0.4166232 0.4389693 0.6623589 1.6847405 0.7318157 1.5394138 0.0471590 0.4483067 0.4754932 0.6215415 0.7899259 0.7063699 0.4174566 1.6615267 1.6777524 0.0226268 0.0283688 0.6778956 0.4758007 1.6873521 0.4631680 1.5083378 0.4487706 2.0977960 0.4946271 1.5526791 0.8292117 0.4430299 0.9241768 0.5262612 0.2593209 0.4792797 1.6487758 0.9286752 0.0324757 1.5606405 0.7476570 0.9798849 1.5639134 1.5348371 1.6252598 1.5511626 0.3863811 0.4045347 0.0254359 0.4633514 0.8244544 0.4997730 1.4208838 0.4032406 1.6918845 1.1101070 0.4586707 0.8262941 1.5813536 0.4599390 1.5572855 1.5785086 0.5931928 0.7528075 0.4698709 1.5119546 0.7749270 0.7371606 0.0292671 1.4782910 1.8187052 0.4483063 0.4886924 1.5596095 0.9735486 1.6727332 0.8266569 0.4585202 1.3738095 0.4558425 0.4456135 0.1956899 0.7347500 0.4685997 0.0240408 0.2585632 0.6866029 0.4418660 1.6314706 1.7005656 1.5473592 0.4104430 0.9023270 1.5298309 1.5663981 1.4926731 1.6766520 1.5116196 1.0094639 0.0238609 1.3855911 1.6641645 2.0986239 1.4172187 0.7683050 1.5866059 1.5032887 1.7119497 0.5008722 1.5177091 0.8193218 1.6799559 0.4402792 0.4629804 1.3916685 0.2257877 1.5120565 1.4208838 0.7006800 0.2409174 0.0511948 0.7382835 1.5420490 0.0328997 0.4802855 1.6810518 0.4298970 1.7918479 0.7278211 0.7099443 0.4385901 0.1358887 0.0282433 0.7322903 1.8816824 0.4451225 0.4865158 0.0307032 0.0283276 0.6934834 0.9614225 0.8297322 0.5273838 1.6570855 1.6977392 0.7655586 0.6038951 0.6828685 1.5487885 0.4483392 0.1599214 0.4962163 0.7343772 1.5441182 0.7013735 0.4621906 0.4291116 0.4795785 0.2456845 1.7041771 0.2389687 1.6665688 1.5291044 0.0287792 1.5556757 1.7222936 
GCA_016716405.1_ASM1671640v1                                1.5452886 0.0000000 1.4940398 1.5008370 1.6203235 1.4551011 1.4659394 1.4821449 1.5588606 1.5385778 0.6961570 1.5014197 1.4692680 1.4834010 1.4861197 1.5524718 1.5950684 1.3882344 1.5268039 1.5263555 1.5092425 1.5120609 1.5108530 1.5537943 1.5352904 1.4996647 1.6740996 1.4697066 1.9874631 1.4903207 0.6883173 1.6396225 1.4532370 1.3828524 1.4707414 1.6694645 1.4786206 1.4487056 1.4325183 1.5146223 0.6162150 1.5607281 1.4271229 0.7079227 0.7033374 1.4331655 0.6898184 1.4288623 1.4669831 1.5072255 1.4753574 1.5820630 1.5748898 1.6201273 1.4761347 1.4778377 1.6643117 1.4524038 1.5835687 0.7058478 1.4535194 0.6917879 0.7284655 1.4083870 1.6044385 1.4771688 0.6684387 1.7193630 1.5629883 1.4852543 0.7795763 1.7316353 1.4580443 1.4712961 0.6967748 1.3757790 1.4983934 1.5960779 1.4530795 1.5978786 1.4691260 1.4611321 1.4765914 1.5361016 1.4662809 1.5080149 1.6241600 1.4477982 1.4710352 0.7519603 1.4902382 0.6923169 1.4044845 1.3627510 0.7346237 0.7162548 0.6601886 1.5034669 0.6695231 1.7142389 1.5040967 1.6131158 1.5733206 2.0823673 1.6194109 1.5360031 0.7871976 0.7097479 1.5802327 1.6000491 0.7011634 1.5692236 1.5215811 1.4676417 1.4651668 1.6135104 1.5434401 0.6929080 1.6201273 1.5220381 1.6621474 1.5476895 1.5436594 0.7104388 1.5031026 1.4816768 0.8948992 1.4703872 1.6477979 1.5244964 1.4755991 1.4446091 1.5405357 1.4978803 1.5163863 1.8283758 1.4970774 1.5009535 1.4540277 1.5059151 1.4619005 1.3628632 1.3675738 1.4848435 1.4680441 1.4860853 1.5672149 1.4102944 1.5017022 0.6970495 1.4695246 1.4905684 1.5504084 1.5191859 0.7126095 1.4499150 1.4800079 1.4582886 1.4938704 1.5885406 1.4981299 1.5563493 1.5206537 0.7150824 1.4947915 0.7077987 1.5868259 
GCA_002102805.1_ASM210280v1                                 0.4835288 1.4940398 0.0000000 0.0000010 1.3585919 0.2845573 0.2950667 0.6073474 1.6418113 0.6830410 1.4756359 0.4690443 0.2989334 0.1345975 0.5789633 0.7289009 0.6677427 0.2704402 1.6177422 1.6496635 0.4472596 0.4470020 0.6283435 0.3162200 1.6491935 0.3152275 1.4872831 0.2991895 2.0708900 0.0069299 1.5054400 0.7951167 0.3072594 0.8751694 0.4855108 0.5445125 0.1602119 1.5921668 0.9008518 0.4658372 1.5141885 0.6987235 0.9161364 1.5108306 1.4801255 1.5964557 1.5049533 0.3870845 0.4054173 0.4463876 0.3214643 0.7541539 0.4786199 1.3578609 0.4006826 1.6406660 1.0692035 0.4260044 0.7777909 1.5032259 0.4269687 1.5082175 1.5136668 0.5517205 0.7305017 0.3628864 1.4709196 0.7576996 0.7297174 0.4381687 1.4347221 1.7653843 0.3076910 0.1698243 1.4881589 0.9102799 1.6584814 0.8094498 0.4269856 1.3368803 0.4205009 0.2951068 0.4398022 0.6901125 0.3206547 0.4553355 0.4982891 0.6403250 0.2942984 1.5856844 1.6362443 1.4760529 0.2756662 0.8513593 1.4710871 1.5189340 1.4178242 1.6333003 1.4523385 0.9934955 0.4440840 1.3446601 1.6545037 2.0902518 1.3535648 0.7433783 1.5372776 1.4570546 1.6746102 0.4649995 1.4631024 0.7477816 1.6441954 0.2960148 0.4258398 1.3372877 0.4848850 1.4511134 1.3585230 0.6584574 0.5296287 0.4800271 0.6820746 1.4753606 0.4582523 0.1137130 1.6473293 0.4257027 1.7708684 0.6884544 0.6536470 0.3057497 0.4426349 0.4481045 0.6927345 1.8302351 0.3134485 0.0004944 0.4096586 0.4446957 0.6523289 0.9039576 0.7614898 0.4878589 1.6228248 1.6337681 0.7228534 0.5560309 0.6220492 1.5004291 0.2988509 0.4406751 0.1239431 0.6891352 1.4841603 0.6593359 0.3129763 0.2878925 0.1341289 0.5029659 1.6610258 0.4707028 1.6476483 1.4663901 0.4370003 1.4971663 1.6922966 
GCA_002102735.1_ASM210273v1                                 0.4880116 1.5008370 0.0000010 0.0000000 1.3677389 0.2870507 0.2970693 0.6111901 1.6585960 0.6884574 1.4858742 0.4733639 0.3010117 0.1352683 0.5831593 0.7332654 0.6719885 0.2722638 1.6357798 1.6655849 0.4513232 0.4515541 0.6323146 0.3164546 1.6612642 0.3182924 1.4958004 0.3012115 2.0815871 0.0069828 1.5142363 0.7960827 0.3093159 0.8826578 0.4889028 0.5451448 0.1614521 1.6008645 0.9008518 0.4702114 1.5230452 0.7040505 0.9227020 1.5115071 1.4808008 1.6066713 1.5137567 0.3901965 0.4085503 0.4503974 0.3241384 0.7586930 0.4825841 1.3669995 0.4036544 1.6502650 1.0788097 0.4294554 0.7826755 1.5140114 0.4304314 1.5170493 1.5226471 0.5551738 0.7361464 0.3658704 1.4797736 0.7638957 0.7361234 0.4422570 1.4435269 1.7756119 0.3099615 0.1703360 1.4981369 0.9214719 1.6756943 0.8173470 0.4304470 1.3460989 0.4235411 0.2970864 0.4436612 0.6952288 0.3228441 0.4596768 0.5038540 0.6451491 0.2963018 1.6008579 1.6448505 1.4864231 0.2779380 0.8586343 1.4832254 1.5196351 1.4300247 1.6490783 1.4615011 1.0014007 0.4480640 1.3548815 1.6695855 2.0999686 1.3641399 0.7476186 1.5489084 1.4653781 1.6992904 0.4694175 1.4721696 0.7519078 1.6599750 0.2981823 0.4290794 1.3456238 0.4870218 1.4604525 1.3676691 0.6625548 0.5357003 0.4845145 0.6856235 1.4852037 0.4628048 0.1145383 1.6471175 0.4288853 1.7816394 0.6935571 0.6588629 0.3077144 0.4466269 0.4524640 0.6975711 1.8445148 0.3156227 0.0004982 0.4137189 0.4492028 0.6574659 0.9050076 0.7667200 0.4915747 1.6329386 1.6423495 0.7286210 0.5593457 0.6261631 1.5011046 0.3008682 0.4446863 0.1247935 0.6939611 1.4934195 0.6637368 0.3154039 0.2901022 0.1347805 0.5082357 1.6708124 0.4757927 1.6626862 1.4756842 0.4410413 1.5077353 1.7104052 
GCA_903866275.1_freshwater_MAG_---_Umea1_bin-2013           1.4212571 1.6203235 1.3585919 1.3677389 0.0000000 1.3607872 1.3490765 1.3489714 1.6685937 1.3706301 1.6125416 1.3921273 1.3578026 1.3615898 1.3240953 1.4145526 1.3798603 1.2826949 1.7019278 1.6659199 1.3861429 1.3974906 1.3493070 1.4737666 1.7853315 1.3890150 0.9500887 1.3564194 2.1583465 1.3608354 1.5980775 1.5140241 1.3141207 1.2185745 1.3481260 1.5380861 1.3602185 1.6968639 1.2556958 1.3893024 1.6232684 1.3844302 1.2634710 1.6007010 1.5731076 1.7028635 1.5981422 1.2917016 1.3275044 1.3820668 1.3755622 1.4835368 1.4794282 0.0000760 1.3453702 1.7050199 1.5030578 1.3680649 1.4453959 1.6116147 1.3699274 1.6045793 1.6494559 1.2662981 1.4695568 1.3503334 1.5164056 1.5203821 1.4726167 1.3561751 1.6053146 1.9581250 1.3345524 1.3622475 1.6025038 1.2978816 1.6720792 1.5330055 1.3671162 0.3432349 1.3722782 1.3637542 1.3788808 1.3774627 1.3521091 1.3796873 1.4973418 1.2365484 1.3491387 1.6982931 1.7288312 1.6031906 1.2990444 1.2369443 1.6359606 1.6183459 1.5274097 1.6496318 1.5946089 1.6993088 1.3805131 0.3414747 1.6677296 2.2663185 0.0022292 1.4238877 1.6999273 1.5983592 1.7597756 1.4808645 1.6035354 1.4346813 1.6559944 1.3470927 1.3644899 0.2796431 1.4322474 1.5834057 0.0000759 1.3680215 1.5172100 1.4282974 1.3674297 1.6174557 1.3675003 1.3553946 1.7539990 1.3443935 1.8681889 1.3611790 1.3322111 1.3840617 1.4201807 1.3790255 1.3620584 2.0567964 1.4143416 1.3659881 1.3148742 1.4067616 1.2824234 1.2197761 1.2165853 1.3572759 1.7106269 1.7269673 1.4029848 1.2388518 1.3509070 1.5979464 1.3579927 1.3827979 1.4287839 1.3746432 1.6157069 1.3289562 1.3302286 1.3360370 1.3646565 1.4537159 1.7236597 1.4480199 1.6684824 1.6018355 1.3715757 1.6272125 1.6898304 
GCA_900767135.1_SRS475682_56                                0.4166232 1.4551011 0.2845573 0.2870507 1.3607872 0.0000000 0.1458115 0.5850532 1.6103153 0.6510276 1.4219136 0.4123714 0.0794186 0.2876397 0.5198347 0.7214850 0.6271995 0.1365101 1.5797769 1.6151482 0.3884123 0.3814341 0.5939908 0.1557530 1.5947298 0.2618897 1.4502662 0.0793740 2.0255738 0.2954213 1.4757896 0.8002755 0.1491099 0.8404958 0.4330262 0.4798005 0.2945959 1.5442643 0.8631462 0.4053050 1.4801293 0.6655390 0.8819544 1.4763159 1.4491343 1.5459436 1.4768333 0.3666279 0.3428091 0.3873761 0.2636553 0.7634276 0.4231017 1.3593098 0.3416782 1.5760881 1.0052614 0.3755100 0.7603695 1.4422354 0.3745928 1.4738096 1.4991123 0.5065652 0.6747761 0.3088800 1.4380298 0.7151460 0.6591853 0.3775292 1.3931223 1.7156936 0.2355782 0.3091713 1.4248306 0.8897978 1.5942801 0.7452519 0.3747270 1.3423413 0.3793041 0.0728092 0.3849373 0.6566277 0.2432957 0.3959455 0.4445399 0.5947926 0.1464138 1.5561193 1.5915944 1.4267948 0.1229466 0.8160825 1.4437333 1.4761973 1.3517601 1.5988004 1.3890621 0.9541531 0.3855962 1.3537489 1.5743254 2.0000246 1.3561953 0.7258514 1.4971150 1.4270466 1.6275042 0.3972366 1.4306686 0.7191328 1.6083575 0.1470019 0.3732551 1.3526912 0.4352089 1.4190652 1.3603886 0.6277574 0.4630475 0.4259576 0.6451312 1.4548695 0.3943309 0.2896328 1.5848917 0.3866030 1.7084602 0.6485661 0.6684177 0.0248877 0.3844719 0.3880431 0.6585213 1.7419636 0.0190148 0.2852140 0.3877014 0.3839704 0.6344370 0.8633614 0.7311098 0.4384162 1.5663903 1.5869295 0.6807545 0.5119553 0.5814636 1.4592534 0.0793105 0.3724716 0.3058873 0.6561937 1.4609181 0.6216793 0.1509436 0.1424165 0.2915457 0.4410842 1.5999124 0.4254637 1.5726184 1.4496062 0.3796671 1.4446927 1.6537112 
GCA_001917115.1_ASM191711v1                                 0.4389693 1.4659394 0.2950667 0.2970693 1.3490765 0.1458115 0.0000000 0.5866800 1.6200147 0.6489433 1.4627950 0.4264117 0.1547000 0.3006723 0.5270861 0.7217266 0.6330593 0.0203562 1.6097187 1.6202130 0.4041065 0.4065112 0.5916138 0.0342026 1.5958727 0.2470173 1.4460201 0.1550193 2.0517448 0.3049320 1.4932080 0.7786958 0.1516947 0.8438412 0.4349081 0.4948311 0.3022391 1.5490017 0.8579604 0.4200892 1.4909801 0.6695267 0.8930334 1.4989814 1.4744391 1.5443103 1.4922429 0.3622679 0.3622040 0.4029334 0.2510312 0.7441862 0.4276453 1.3490091 0.3600850 1.5881057 1.0197025 0.3828714 0.7546584 1.4837355 0.3825911 1.4928415 1.5124963 0.5095613 0.6879992 0.3101408 1.4574546 0.7094853 0.6857200 0.3964285 1.4203329 1.7180161 0.2354608 0.3146885 1.4688512 0.8836587 1.6126481 0.7829097 0.3829559 1.3270024 0.3822876 0.1559203 0.4019262 0.6564087 0.2610342 0.4113106 0.4543501 0.5830210 0.0061011 1.5652445 1.5978951 1.4691914 0.1193975 0.8207976 1.4600457 1.5026438 1.4000192 1.6102559 1.4216935 0.9554019 0.4014354 1.3292528 1.6029266 2.0314522 1.3462923 0.7202596 1.5411050 1.4527054 1.6401721 0.4194739 1.4553793 0.7165154 1.6190098 0.0046565 0.3834351 1.3380741 0.4568132 1.4397839 1.3490091 0.6171887 0.4946310 0.4365437 0.6577918 1.4744757 0.4122526 0.2998148 1.6105178 0.4034595 1.7364458 0.6509128 0.6303661 0.1628282 0.4076317 0.4000918 0.6560602 1.7839292 0.1667676 0.2964651 0.3712648 0.4081057 0.6161105 0.8737348 0.7378222 0.4375340 1.5596601 1.5960827 0.6922576 0.5149874 0.5987667 1.4836611 0.1547291 0.4011623 0.3179241 0.6523183 1.4778270 0.6184799 0.0106367 0.0388053 0.3024013 0.4626649 1.6090638 0.4433953 1.5904114 1.4691139 0.3976994 1.4861970 1.6694886 
GCA_900753735.1_ERS396384_76                                0.6623589 1.4821449 0.6073474 0.6111901 1.3489714 0.5850532 0.5866800 0.0000000 1.5694794 0.6674833 1.4726142 0.6295227 0.5901183 0.6082056 0.5030728 0.7145094 0.5276696 0.5487475 1.5362564 1.5671434 0.6166419 0.6200270 0.4875458 0.6550505 1.6346848 0.5958032 1.4098390 0.5897365 2.0519092 0.6211748 1.4680750 0.8073029 0.5760089 0.8550916 0.5741169 0.7627257 0.6135696 1.5507983 0.8694221 0.6424684 1.5046909 0.6760522 0.8920233 1.4784780 1.4817221 1.5795877 1.4636069 0.5554421 0.5984387 0.6137889 0.6055098 0.7356084 0.6597264 1.3479560 0.6035814 1.5948168 1.0327277 0.5642352 0.7471191 1.5125396 0.5626908 1.4658411 1.5175306 0.4749126 0.7204238 0.5864132 1.4510542 0.5960355 0.6962832 0.6232728 1.3946662 1.7588937 0.5872888 0.6193051 1.4816060 0.8884988 1.5657682 0.8011712 0.5618319 1.3129805 0.5801784 0.5947575 0.6099684 0.6581860 0.5903277 0.6298176 0.6876919 0.5654655 0.5855781 1.5891652 1.5966640 1.4851817 0.5561211 0.8277702 1.4721373 1.4799494 1.4236006 1.5507021 1.4413177 0.8763347 0.6127128 1.3176226 1.5977846 2.0200339 1.3458556 0.7187052 1.5076929 1.4350137 1.5570075 0.6396027 1.4717257 0.7170582 1.5701537 0.5867098 0.5739045 1.3307819 0.6722897 1.4384309 1.3483119 0.5214970 0.7532154 0.6201983 0.6676018 1.4894709 0.6388703 0.6035056 1.6458420 0.5976054 1.7401247 0.6566647 0.6329878 0.5963226 0.6308685 0.6085998 0.6571286 1.8268430 0.6112264 0.6107044 0.5712732 0.6110981 0.6013328 0.8491662 0.7393602 0.5713310 1.5573905 1.5932759 0.6840420 0.4816064 0.1808425 1.4662671 0.5901183 0.6164108 0.6396651 0.6702442 1.4835723 0.4922594 0.6055922 0.5638753 0.6145933 0.7015259 1.6178989 0.6669518 1.5591711 1.4908749 0.5952666 1.5075226 1.6143484 
Gloeobacterales_GCA_014379585.1_ASM1437958v1                1.6847405 1.5588606 1.6418113 1.6585960 1.6685937 1.6103153 1.6200147 1.5694794 0.0000000 1.6466295 1.5369643 1.6399790 1.6106941 1.6445580 1.5964261 1.6575459 1.6601906 1.5635197 0.4186189 0.3393928 1.6473882 1.6481057 1.5873172 1.7719657 1.7462101 1.6191406 1.6912149 1.6121158 2.1119402 1.6358930 1.4944947 1.7319356 1.5928249 1.4696121 1.5978416 1.8104125 1.6539075 1.6683493 1.5632105 1.6578546 1.5686814 1.6417690 1.5533679 1.5308796 1.4982149 1.6552318 1.4980190 1.5724335 1.6001725 1.6437190 1.6174866 1.7158078 1.7415737 1.6688652 1.6158049 1.7124871 1.7707761 1.6156031 1.6638545 1.5222155 1.6189363 1.4989989 1.5637601 1.5303088 1.7383987 1.6283820 1.4441037 1.7589102 1.6699513 1.6201410 1.4039499 1.9134297 1.6086904 1.6534496 1.5185706 1.4321922 0.3604483 1.7382562 1.6138898 1.6139141 1.6372563 1.6125242 1.6384265 1.6447128 1.6163378 1.6529869 1.7292513 1.5448090 1.6214132 1.5401728 1.6876753 1.4970557 1.5760284 1.4761075 1.5254795 1.5483332 1.4073265 0.3401275 1.4834133 1.7023635 1.6388827 1.6234428 0.7352189 2.2195479 1.6673685 1.6631283 1.6416451 1.4975679 0.3350039 1.7429069 1.5122803 1.6716262 0.3379781 1.6195336 1.6150638 1.6593343 1.6599240 1.4813588 1.6688652 1.6179173 1.7638776 1.6847787 1.6472102 1.5165281 1.6529440 1.6375991 1.6255548 1.6251459 1.8102120 1.6384108 1.5809445 1.6042609 1.6911506 1.6635620 1.6323442 1.9842796 1.6433928 1.6527170 1.5897765 1.6643320 1.5538568 1.4829634 1.4747427 1.6096185 1.6942560 1.6907827 1.6781455 1.5498458 1.6122029 1.5276935 1.6111136 1.6384592 1.6806514 1.6305623 1.5224016 1.5432270 1.6556151 1.6170239 1.6544190 1.7101540 1.7509091 1.6819513 0.7113631 1.5075427 1.6320987 1.4979032 0.7277576 
GCA_910577515.1_MGBC104636                                  0.7318157 1.5385778 0.6830410 0.6884574 1.3706301 0.6510276 0.6489433 0.6674833 1.6466295 0.0000000 1.4961003 0.7103091 0.6558536 0.6826804 0.6445054 0.5208978 0.7236447 0.6125887 1.6684985 1.6686078 0.6930412 0.6903220 0.6511103 0.6965134 1.7042776 0.6671602 1.5112494 0.6567154 2.0370452 0.6865004 1.5337529 0.6150314 0.6284683 0.8794432 0.6683623 0.8177937 0.6940125 1.5949538 0.9222957 0.7197468 1.5650324 0.1834837 0.9398493 1.5511341 1.5321384 1.6049417 1.5358645 0.6259581 0.6617833 0.6903858 0.6764169 0.5692267 0.7358734 1.3708526 0.6623571 1.6361020 1.0211064 0.6655124 0.5553012 1.5771360 0.6635577 1.5390800 1.5506799 0.6076438 0.1131221 0.6746704 1.4921887 0.7596568 0.1086294 0.6856761 1.4912344 1.7865797 0.6586502 0.6898488 1.5375588 0.9380674 1.6571892 0.5913314 0.6644035 1.3362053 0.6793867 0.6575181 0.6862656 0.1595368 0.6605395 0.7145143 0.7508718 0.6704168 0.6507718 1.6236854 1.6334786 1.5148397 0.6168761 0.8885803 1.5143715 1.5637973 1.4383006 1.6344854 1.4822012 1.0262473 0.6893393 1.3334645 1.6993807 2.0791513 1.3693529 0.5386898 1.6033279 1.4848695 1.7066354 0.7196448 1.4876180 0.5379165 1.6572960 0.6493253 0.6702194 1.3572839 0.7285330 1.4713225 1.3708526 0.6762421 0.7845410 0.7252565 0.1557281 1.5125294 0.7109199 0.6754368 1.6470319 0.6835790 1.7709393 0.1499551 0.1390752 0.6679974 0.7027513 0.6920231 0.1650160 1.8366360 0.6881912 0.6864845 0.6519766 0.6986972 0.6889074 0.9133024 0.7681898 0.6704670 1.6192863 1.6301881 0.4035811 0.6178965 0.6728294 1.5338720 0.6557195 0.6877146 0.7120664 0.1000797 1.5144498 0.6901261 0.6724119 0.6319944 0.6865681 0.7505271 1.6704879 0.7029393 1.6567733 1.5067596 0.6738934 1.5170256 1.7228931 
GCA_017998685.1_ASM1799868v1                                1.5394138 0.6961570 1.4756359 1.4858742 1.6125416 1.4219136 1.4627950 1.4726142 1.5369643 1.4961003 0.0000000 1.4883681 1.4596431 1.4672383 1.4700547 1.5239206 1.5449065 1.4017799 1.5383652 1.5411307 1.5025846 1.5095721 1.4928138 1.5782874 1.5412834 1.4939520 1.6775074 1.4615644 1.9786568 1.4777845 0.2600522 1.6046366 1.4545571 1.3792605 1.4368327 1.6623648 1.4781299 1.4378240 1.4359559 1.5097309 0.7265608 1.5197549 1.4270853 0.3115194 0.3008939 1.4637774 0.2613890 1.4230374 1.4565123 1.5013516 1.4753577 1.5806545 1.5702947 1.6116527 1.4698894 1.4777035 1.6612856 1.4780001 1.5620178 0.6713724 1.4769797 0.2603481 0.0137523 1.4086532 1.5728578 1.4559493 0.2419845 1.7093040 1.5502498 1.4655226 0.7250140 1.7660002 1.4515966 1.4776687 0.6354132 1.3959656 1.5349675 1.6220078 1.4782909 1.6021267 1.4607781 1.4584295 1.4770091 1.5245916 1.4672007 1.4995691 1.6110267 1.4400278 1.4669775 0.6915965 1.4693856 0.0008338 1.3931734 1.3631246 0.4977122 0.3176471 0.5760685 1.5339388 0.6155309 1.7081147 1.4962176 1.5999427 1.6118096 2.0863075 1.6084338 1.5246313 0.7587656 0.6829496 1.6168891 1.5912647 0.0037228 1.5437450 1.5324676 1.4632869 1.4682229 1.6118543 1.5403150 0.0028977 1.6116527 1.4970170 1.6518132 1.5248676 1.4889230 0.0025848 1.5015888 1.4913690 0.8495943 1.4611308 1.6743342 1.4882873 1.4388745 1.4425240 1.5253148 1.5012785 1.4908378 1.8394809 1.4653048 1.4831036 1.4536312 1.4937815 1.4559618 1.3677972 1.3800459 1.4436023 1.4449262 1.4685617 1.5291598 1.3963336 1.4845505 0.3084058 1.4599312 1.4943429 1.5604257 1.4852956 0.0055361 1.4651604 1.4867244 1.4499631 1.4755471 1.5784838 1.5026843 1.5389328 1.5732654 0.0068601 1.4974666 0.0006665 1.6120451 
GCA_900552525.1_UMGS1517                                    0.0471590 1.5014197 0.4690443 0.4733639 1.3921273 0.4123714 0.4264117 0.6295227 1.6399790 0.7103091 1.4883681 0.0000000 0.4359283 0.4591272 0.6005749 0.7653176 0.6849642 0.4044327 1.6112362 1.6358863 0.0245690 0.0248787 0.6556491 0.4828536 1.6426549 0.4482283 1.4792828 0.4363095 2.0592840 0.4787205 1.4980841 0.7951195 0.4307582 0.8989403 0.5013150 0.2776010 0.4622884 1.6098193 0.9240380 0.0353977 1.5258496 0.7232491 0.9477856 1.5093798 1.4802479 1.5794314 1.4962612 0.3690804 0.3918619 0.0262985 0.4494707 0.8029079 0.5086979 1.3917681 0.3904773 1.6423392 1.1016533 0.4475666 0.7990549 1.5371839 0.4483410 1.5011922 1.5272868 0.5701082 0.7534722 0.4496861 1.4561492 0.7831507 0.7566307 0.0277398 1.4318297 1.7791784 0.4347428 0.4752375 1.5150474 0.9507485 1.6282682 0.8513345 0.4469661 1.3514179 0.4462637 0.4308011 0.1888203 0.7106975 0.4563523 0.0242873 0.2580266 0.6537185 0.4294274 1.5868868 1.6508713 1.4956943 0.3997873 0.8756665 1.4863876 1.5124633 1.4389333 1.6324038 1.4654004 1.0267093 0.0242780 1.3628218 1.6456288 2.0630511 1.3887123 0.7418104 1.5306508 1.4609091 1.6795214 0.4654765 1.4688588 0.7922337 1.6378986 0.4278735 0.4521971 1.3701778 0.2325587 1.4707260 1.3917681 0.6831282 0.2552121 0.0520278 0.7135943 1.4925457 0.0340011 0.4650556 1.6255125 0.4136677 1.7611396 0.7030131 0.6822831 0.4360303 0.1294251 0.0313691 0.7073585 1.8516972 0.4440510 0.4718740 0.0340212 0.0301495 0.6612648 0.9313559 0.8057609 0.5073512 1.6040878 1.6486573 0.7452348 0.5787338 0.6430298 1.4958512 0.4359589 0.1540540 0.5000556 0.7090176 1.4943651 0.6866322 0.4409637 0.4221892 0.4628910 0.2604243 1.6496331 0.2597079 1.6461214 1.4766731 0.0311990 1.5052937 1.7011303 
GCA_002103055.1_ASM210305v1                                 0.4483067 1.4692680 0.2989334 0.3010117 1.3578026 0.0794186 0.1547000 0.5901183 1.6106941 0.6558536 1.4596431 0.4359283 0.0000000 0.3040439 0.5456279 0.7247261 0.6438800 0.1456481 1.5952885 1.6177633 0.4152441 0.4132751 0.6031470 0.1826684 1.5885494 0.2632801 1.4607404 0.0031723 2.0484421 0.3078460 1.4843323 0.7865950 0.1491364 0.8457699 0.4430694 0.5013249 0.3117670 1.5361448 0.8796872 0.4308433 1.4868541 0.6747005 0.9096926 1.4942279 1.4688674 1.5390228 1.4841773 0.3632313 0.3766263 0.4140780 0.2656863 0.7632064 0.4485203 1.3568055 0.3746829 1.5691208 1.0206361 0.3912672 0.7624277 1.4779235 0.3912127 1.4864527 1.5089004 0.5197217 0.6980066 0.3160415 1.4510596 0.7277668 0.6941867 0.4076939 1.4074527 1.7231087 0.2522813 0.3202894 1.4647358 0.8758400 1.6016762 0.8010853 0.3909574 1.3383626 0.4001263 0.0593930 0.4083733 0.6630221 0.2556953 0.4199932 0.4602081 0.6034142 0.1547884 1.5658390 1.5788668 1.4631016 0.1073300 0.8189325 1.4673836 1.4943432 1.4037583 1.6033956 1.4216975 0.9623648 0.4120005 1.3398491 1.6074313 2.0238130 1.3551011 0.7226742 1.5315977 1.4526405 1.6215267 0.4208781 1.4527221 0.7267201 1.6146184 0.1556170 0.3905571 1.3429948 0.4616549 1.4399566 1.3577347 0.6418926 0.5002272 0.4465956 0.6725040 1.4718669 0.4221233 0.3002101 1.5912651 0.4102991 1.7365347 0.6625063 0.6453059 0.0815328 0.4037723 0.4128929 0.6676214 1.7961009 0.0805810 0.3004203 0.3815489 0.4159852 0.6330903 0.8771419 0.7452749 0.4457728 1.5556179 1.5767075 0.7026293 0.5269504 0.5964293 1.4788777 0.0000010 0.3982742 0.3212773 0.6661110 1.4769867 0.6327596 0.1622178 0.1543834 0.3071265 0.4735317 1.5938590 0.4423802 1.5942250 1.4666147 0.4065547 1.4844268 1.6590515 
GCA_900766695.1_SRS475585_52                                0.4754932 1.4834010 0.1345975 0.1352683 1.3615898 0.2876397 0.3006723 0.6082056 1.6445580 0.6826804 1.4672383 0.4591272 0.3040439 0.0000000 0.5855759 0.7379343 0.6682953 0.2714756 1.5956989 1.6339947 0.4399156 0.4419661 0.6269678 0.3209641 1.6354083 0.3167201 1.4837049 0.3038445 2.0753671 0.1422212 1.4897202 0.7892628 0.3149393 0.8775921 0.4809525 0.5375460 0.1429340 1.5905499 0.8995161 0.4585903 1.5048608 0.6973333 0.9281147 1.4976954 1.4641964 1.5932374 1.4885421 0.3899019 0.4068983 0.4390207 0.3219246 0.7674612 0.4799032 1.3612412 0.4025021 1.6255148 1.0690492 0.4281114 0.7790380 1.4893813 0.4283844 1.4884187 1.5021876 0.5457832 0.7264284 0.3613517 1.4506295 0.7563925 0.7290279 0.4324971 1.4075919 1.7575837 0.3091866 0.1469081 1.4688915 0.9124920 1.6501379 0.8113144 0.4280573 1.3383982 0.4254460 0.2973350 0.4320173 0.6904442 0.3276275 0.4469157 0.4994386 0.6389450 0.3031050 1.5701440 1.6219804 1.4716220 0.2772823 0.8453238 1.4690240 1.4995906 1.4094049 1.6199591 1.4303111 0.9905129 0.4362138 1.3449960 1.6265024 2.0728007 1.3562864 0.7335818 1.5291240 1.4462828 1.6697519 0.4716954 1.4492678 0.7490710 1.6281016 0.3037097 0.4298925 1.3438357 0.4820079 1.4345566 1.3612412 0.6567541 0.5269705 0.4705589 0.6816375 1.4655950 0.4527293 0.1407010 1.6443872 0.4296904 1.7719698 0.6857917 0.6484011 0.3094838 0.4399320 0.4429267 0.6888152 1.8300989 0.3161739 0.1351847 0.4066343 0.4353351 0.6505178 0.9088085 0.7546352 0.4841340 1.6090600 1.6199686 0.7203235 0.5498799 0.6242043 1.4846972 0.3039853 0.4348011 0.1512378 0.6813144 1.4723974 0.6588583 0.3240379 0.2892138 0.0035825 0.5059132 1.6533398 0.4641166 1.6296016 1.4577697 0.4312682 1.4839593 1.6989306 
GCA_002103135.1_ASM210313v1                                 0.6215415 1.4861197 0.5789633 0.5831593 1.3240953 0.5198347 0.5270861 0.5030728 1.5964261 0.6445054 1.4700547 0.6005749 0.5456279 0.5855759 0.0000000 0.6843042 0.5548817 0.5043124 1.5818690 1.5993116 0.5816561 0.5739943 0.4921650 0.5895087 1.6641067 0.5507864 1.4114836 0.5445763 2.0409917 0.5776775 1.4771241 0.7642579 0.5461999 0.7954544 0.5465675 0.7154754 0.5920230 1.5536229 0.8076945 0.6060415 1.5134837 0.6436782 0.8711412 1.5142118 1.4856119 1.5746836 1.4782906 0.5528151 0.5547681 0.5819854 0.5592081 0.7251006 0.6301303 1.3229193 0.5554141 1.6115947 0.9700937 0.5527462 0.7242739 1.4914338 0.5527793 1.4836042 1.5152705 0.2620955 0.6901598 0.5829253 1.4483779 0.5919081 0.6774155 0.5748457 1.4421179 1.7646978 0.5545819 0.6001358 1.4551185 0.8376388 1.5719848 0.7679887 0.5536961 1.2765495 0.5680680 0.5471146 0.5839890 0.6438755 0.5638199 0.6007981 0.6467616 0.5649271 0.5321675 1.5295292 1.6031684 1.4886497 0.5078433 0.7952473 1.4557489 1.4998732 1.3951866 1.5814985 1.4225115 0.9144543 0.5816561 1.2883729 1.6337709 2.0372554 1.3187726 0.6983441 1.4807458 1.4414492 1.6221945 0.6282621 1.4524860 0.7293217 1.5920623 0.5279664 0.5642047 1.3024100 0.6255809 1.4582411 1.3234631 0.5171040 0.6977793 0.5867967 0.6367081 1.4806518 0.5989448 0.5942293 1.6150655 0.5818125 1.7343365 0.6382628 0.6110439 0.5365723 0.5878261 0.5750154 0.6360556 1.8024262 0.5425207 0.5785901 0.5464653 0.5603908 0.5873221 0.8362318 0.6876892 0.5519992 1.5753606 1.5966915 0.6774938 0.2683465 0.5103431 1.5027154 0.5456279 0.5866120 0.6229326 0.6431724 1.4795026 0.5564139 0.5444083 0.5108076 0.5896183 0.6435992 1.6204773 0.6058749 1.5928259 1.4755119 0.5665295 1.4943753 1.6635888 
GCA_017402995.1_ASM1740299v1                                0.7899259 1.5524718 0.7289009 0.7332654 1.4145526 0.7214850 0.7217266 0.7145094 1.6575459 0.5208978 1.5239206 0.7653176 0.7247261 0.7379343 0.6843042 0.0000000 0.7898623 0.6808535 1.6817096 1.6884215 0.7530792 0.7517598 0.7262586 0.7836604 1.6898006 0.7218303 1.5329567 0.7251266 2.0616755 0.7326551 1.5314358 0.2763053 0.6879956 0.9498003 0.7281228 0.8847926 0.7445528 1.6046316 1.0031337 0.7794734 1.5442689 0.5291108 1.0116355 1.5617634 1.5369123 1.6118689 1.5336090 0.6863373 0.7254254 0.7514037 0.7432146 0.2694798 0.8066649 1.4146892 0.7296667 1.6318100 1.1103772 0.7337586 0.2551981 1.5862268 0.7364168 1.5335203 1.5804559 0.6504355 0.5586718 0.7383946 1.4947584 0.8592183 0.5535308 0.7408086 1.5297802 1.7619246 0.7127971 0.7473054 1.5588561 0.9981049 1.6784669 0.2404165 0.7335417 1.3752324 0.7376056 0.7244843 0.7458299 0.5182540 0.7328487 0.7726416 0.8212261 0.7164463 0.7232265 1.6694856 1.6335800 1.5308008 0.6936983 0.9575540 1.5361470 1.5746248 1.4723169 1.6713741 1.5162637 1.1018469 0.7498226 1.3829478 1.7348966 2.0810942 1.4125450 0.2029516 1.6429858 1.5532951 1.7145112 0.7970500 1.5209199 0.2004733 1.6814718 0.7230985 0.7412640 1.3987066 0.7984196 1.4843798 1.4146892 0.7567979 0.8678736 0.7881538 0.5257615 1.5385473 0.7563110 0.7425374 1.6637171 0.7314251 1.7400370 0.5182396 0.5076336 0.7303783 0.7614851 0.7467873 0.5217345 1.8157557 0.7476913 0.7328054 0.6990631 0.7535045 0.7217268 0.9883309 0.8679486 0.7242670 1.6055425 1.6310950 0.5660074 0.6593919 0.7355845 1.5449712 0.7245272 0.7473601 0.7883072 0.5136773 1.5438954 0.7476894 0.7439356 0.7148348 0.7459032 0.8256066 1.6643100 0.7803180 1.6867398 1.5376862 0.7309610 1.5591947 1.7277303 
GCA_016282705.1_ASM1628270v1                                0.7063699 1.5950684 0.6677427 0.6719885 1.3798603 0.6271995 0.6330593 0.5276696 1.6601906 0.7236447 1.5449065 0.6849642 0.6438800 0.6682953 0.5548817 0.7898623 0.0000000 0.5916289 1.6706706 1.6794956 0.6723947 0.6706044 0.1733906 0.6974851 1.7176581 0.6507213 1.5115679 0.6433548 2.0746951 0.6773306 1.5908104 0.8798342 0.6205763 0.8502097 0.6258437 0.7575729 0.6792182 1.6178733 0.8777064 0.6860775 1.6103860 0.7233850 0.9310822 1.5966587 1.5754717 1.6149835 1.5892364 0.6095678 0.6382511 0.6686427 0.6515290 0.8153731 0.6966590 1.3786428 0.6457545 1.6578795 1.0681104 0.6314628 0.8096367 1.6047069 0.6331111 1.5973811 1.5839758 0.5265264 0.7560651 0.6588034 1.5428860 0.2443836 0.7508368 0.6534478 1.5026632 1.8323156 0.6432459 0.6730492 1.5756117 0.9101115 1.6750967 0.8450890 0.6312473 1.3541797 0.6355763 0.6445552 0.6537397 0.7118369 0.6406770 0.6766744 0.7196369 0.6101639 0.6340292 1.6596921 1.6554585 1.5463934 0.6081986 0.8516244 1.5725529 1.5898918 1.4680959 1.6569526 1.5231997 0.5262297 0.6665887 1.3694272 1.7294576 2.1076759 1.3781350 0.7880221 1.6278481 1.5276385 1.6460539 0.6749035 1.5298740 0.8028769 1.6810573 0.6332933 0.6344392 1.3740530 0.7121394 1.5253382 1.3797301 0.2433157 0.7623998 0.7079495 0.7141281 1.5533752 0.6725375 0.6655051 1.7047722 0.6625993 1.8403226 0.7115331 0.6878744 0.6478876 0.6848018 0.6718953 0.7003587 1.9110911 0.6651081 0.6714090 0.6240807 0.6681870 0.6295625 0.8918288 0.7563737 0.6310250 1.6263177 1.6513990 0.7181221 0.5259581 0.5487028 1.5784348 0.6440450 0.6744261 0.7112398 0.7111448 1.5483559 0.4380814 0.6370754 0.6244226 0.6734149 0.7282768 1.6807773 0.6839127 1.6841191 1.5418297 0.6604292 1.5570763 1.7457884 
GCA_001899365.1_ASM189936v1                                 0.4174566 1.3882344 0.2704402 0.2722638 1.2826949 0.1365101 0.0203562 0.5487475 1.5635197 0.6125887 1.4017799 0.4044327 0.1456481 0.2714756 0.5043124 0.6808535 0.5916289 0.0000000 1.5824642 1.5609321 0.3817989 0.3822629 0.5507226 0.0105780 1.5543780 0.2138614 1.3750587 0.1459117 2.0003308 0.2839957 1.4133319 0.7236607 0.1432997 0.7893079 0.4117171 0.4596922 0.2736961 1.5013550 0.7977794 0.3980852 1.4282355 0.6272299 0.8518005 1.4156216 1.3900717 1.4750104 1.4111691 0.3376167 0.3385860 0.3809824 0.2230008 0.7002927 0.3990351 1.2826244 0.3367144 1.5426316 0.9735521 0.3567480 0.7120258 1.4190612 0.3567921 1.4135679 1.4432172 0.4842400 0.6469586 0.2874153 1.3700913 0.6601189 0.6622977 0.3729839 1.4046664 1.6576663 0.2162461 0.2857964 1.4043838 0.8243165 1.5534838 0.7253990 0.3569869 1.2681165 0.3591680 0.1483627 0.3757059 0.6203065 0.2376937 0.3895991 0.4330134 0.5533431 0.0219304 1.4739142 1.5501370 1.4142923 0.1130936 0.7927892 1.3896573 1.4180951 1.3217946 1.5485863 1.3536061 0.9552346 0.3792933 1.2741521 1.5760144 1.9735607 1.2790902 0.6667898 1.4524143 1.3772166 1.5656402 0.3876293 1.3840454 0.6786488 1.5585460 0.0212190 0.3580631 1.2796544 0.4237815 1.3629933 1.2826244 0.5778469 0.4702533 0.4154796 0.6258258 1.4051293 0.3923865 0.2755766 1.5576810 0.3779843 1.6788895 0.6084780 0.5897931 0.1518795 0.3815624 0.3756222 0.6180282 1.7177612 0.1569258 0.2717915 0.3515788 0.3978047 0.5763548 0.8116843 0.6954003 0.4174450 1.5077789 1.5475563 0.6508895 0.4875862 0.5589825 1.4004047 0.1456481 0.3765095 0.2935987 0.6141968 1.4095831 0.5858481 0.0272362 0.0424032 0.2734765 0.4372293 1.5565629 0.4138996 1.5275864 1.3961176 0.3738309 1.4155214 1.6065824 
Gloeobacterales_GCA_014380935.1_ASM1438093v1                1.6615267 1.5268039 1.6177422 1.6357798 1.7019278 1.5797769 1.6097187 1.5362564 0.4186189 1.6684985 1.5383652 1.6112362 1.5952885 1.5956989 1.5818690 1.6817096 1.6706706 1.5824642 0.0000000 0.3746121 1.6226262 1.6241005 1.5887430 1.8135915 1.7234138 1.6015297 1.7151399 1.5985309 2.1075732 1.6140206 1.5127052 1.7123821 1.5866999 1.4727201 1.5876579 1.7774377 1.6174610 1.6644921 1.5687162 1.6245288 1.5544392 1.6463198 1.5641735 1.5279358 1.4920223 1.6684141 1.5184557 1.5542682 1.5704380 1.6184144 1.6024571 1.7384636 1.7130901 1.7022080 1.5919366 1.7028415 1.8012178 1.5935792 1.6763506 1.4952103 1.5979704 1.5193092 1.5588252 1.5270174 1.7387543 1.5931663 1.4564554 1.7936065 1.7205928 1.5948741 1.4129195 1.9107460 1.5916672 1.6185732 1.5019535 1.4495602 0.3725697 1.7417524 1.5943336 1.6542605 1.5916812 1.5993334 1.6293848 1.6605396 1.6023557 1.6193173 1.7260243 1.5526218 1.6115733 1.5077477 1.7129065 1.5109439 1.5386722 1.4946450 1.5247616 1.5517190 1.4190072 0.3684480 1.4774969 1.7403730 1.6151199 1.6703065 0.7305177 2.2387779 1.6999264 1.6724138 1.6114590 1.4883121 0.4241566 1.7212750 1.5088863 1.6754045 0.3708355 1.6118637 1.5936138 1.6952026 1.6386474 1.4661946 1.7022080 1.6260989 1.7727275 1.6546345 1.6533738 1.5140493 1.6256776 1.5907044 1.6422806 1.5982562 1.8654403 1.6596370 1.5996294 1.5814555 1.6592085 1.6174675 1.6403831 1.9899589 1.6323375 1.6273115 1.5466280 1.6789545 1.5492282 1.4860626 1.4957368 1.5965974 1.6869018 1.7119211 1.6763575 1.5567353 1.5637273 1.5227990 1.5957292 1.6206339 1.6410157 1.6538893 1.5182826 1.5236708 1.6401387 1.5938770 1.6094078 1.7221584 1.7617424 1.6863947 0.6820190 1.4961014 1.5933955 1.4973380 0.7032145 
Gloeobacterales_HawaiiGloeobacter                           1.6777524 1.5263555 1.6496635 1.6655849 1.6659199 1.6151482 1.6202130 1.5671434 0.3393928 1.6686078 1.5411307 1.6358863 1.6177633 1.6339947 1.5993116 1.6884215 1.6794956 1.5609321 0.3746121 0.0000000 1.6440769 1.6453739 1.5976581 1.7854511 1.7295537 1.6315642 1.7010734 1.6203841 2.0865649 1.6434356 1.5151652 1.7744557 1.5908622 1.4735259 1.6300051 1.8429789 1.6500654 1.6632365 1.5640015 1.6498059 1.5454063 1.6759232 1.5812988 1.5301304 1.5007495 1.6525735 1.5171019 1.5695395 1.5988049 1.6383643 1.6356384 1.7236889 1.7673611 1.6654963 1.6157012 1.6895880 1.7908253 1.6027553 1.6988617 1.5092892 1.6046124 1.5199733 1.5768084 1.5318189 1.7491271 1.6213956 1.4686838 1.8016231 1.7153076 1.6160442 1.4237952 1.9106766 1.6168614 1.6458897 1.4773760 1.4602446 0.2259597 1.7678520 1.6020029 1.6345451 1.6336686 1.6114660 1.6487594 1.6629901 1.6201710 1.6422328 1.7478890 1.5570385 1.6251732 1.5179063 1.6988159 1.5204857 1.5727221 1.4764671 1.5275002 1.5393104 1.4318754 0.0399657 1.4569147 1.7248329 1.6350193 1.6547002 0.7537483 2.2393407 1.6639915 1.6803065 1.6425241 1.4885280 0.3496073 1.7727270 1.5083525 1.6972554 0.0267852 1.6219369 1.6194282 1.6953761 1.6942975 1.4875310 1.6654963 1.6252847 1.7866654 1.6767653 1.6611113 1.5307783 1.6503051 1.6192691 1.6673077 1.6206871 1.8180994 1.6489479 1.6038602 1.5949328 1.6945100 1.6578943 1.6501639 1.9675743 1.6447521 1.6582292 1.5951734 1.6559568 1.5685294 1.4997439 1.5030652 1.6390768 1.6628192 1.7029837 1.6938579 1.5561242 1.6031817 1.5180850 1.6179000 1.6497506 1.6761542 1.6584381 1.5389321 1.5531066 1.6513379 1.5882361 1.6437565 1.7274020 1.7503160 1.7153866 0.7074931 1.5206905 1.6275888 1.5214559 0.7205520 
GCA_002102985.1_ASM210298v1                                 0.0226268 1.5092425 0.4472596 0.4513232 1.3861429 0.3884123 0.4041065 0.6166419 1.6473882 0.6930412 1.5025846 0.0245690 0.4152441 0.4399156 0.5816561 0.7530792 0.6723947 0.3817989 1.6226262 1.6440769 0.0000000 0.0037693 0.6390817 0.4492846 1.6499234 0.4252166 1.4725762 0.4156708 2.0709573 0.4562686 1.5139526 0.7842728 0.4099734 0.8923281 0.4869493 0.2445536 0.4418738 1.6119070 0.9061396 0.0114111 1.5261817 0.7086590 0.9440754 1.5256307 1.4962785 1.5900005 1.5119617 0.3501067 0.3723574 0.0040072 0.4278745 0.7867548 0.4790881 1.3857841 0.3712556 1.6512230 1.0833886 0.4236302 0.7883580 1.5443008 0.4255945 1.5180042 1.5418737 0.5571972 0.7288945 0.4340378 1.4721434 0.7497240 0.7319179 0.0050788 1.4390469 1.7922492 0.4130784 0.4526970 1.5244562 0.9304627 1.6380352 0.8252607 0.4236423 1.3369124 0.4233352 0.4126891 0.1658874 0.6948756 0.4332094 0.0025399 0.2283037 0.6397247 0.4066642 1.6007177 1.6616205 1.5115534 0.3774580 0.8695521 1.4953098 1.5262171 1.4514756 1.6404925 1.4777003 0.9852032 0.0000010 1.3509984 1.6341262 2.0743882 1.3824859 0.7309895 1.5420842 1.4704925 1.6661818 0.4589698 1.4826956 0.7792307 1.6458932 0.4053352 0.4284266 1.3612755 0.2102049 1.4774044 1.3857841 0.6621894 0.2300539 0.0269727 0.6979944 1.5064905 0.0090537 0.4448811 1.6416160 0.3954023 1.7748403 0.6866086 0.6659789 0.4142047 0.1078783 0.0070913 0.6918039 1.8700311 0.4201021 0.4499501 0.0079570 0.0075907 0.6486671 0.9219519 0.7928893 0.4888377 1.6088963 1.6592999 0.7312016 0.5658661 0.6316093 1.5098464 0.4152729 0.1316580 0.4724900 0.6930741 1.5084136 0.6654707 0.4222762 0.3955598 0.4437432 0.2315904 1.6625767 0.2284017 1.6320391 1.4932322 0.0075983 1.5232754 1.6935639 
GCA_002103035.1_ASM210303v1                                 0.0283688 1.5120609 0.4470020 0.4515541 1.3974906 0.3814341 0.4065112 0.6200270 1.6481057 0.6903220 1.5095721 0.0248787 0.4132751 0.4419661 0.5739943 0.7517598 0.6706044 0.3822629 1.6241005 1.6453739 0.0037693 0.0000000 0.6343570 0.4755607 1.6851169 0.4285206 1.4904997 0.4135825 2.1161546 0.4436693 1.5208844 0.7843830 0.4094208 0.9006196 0.4793319 0.2573283 0.4471945 1.6332434 0.9197929 0.0112690 1.5317715 0.7083310 0.9449727 1.5275149 1.4942185 1.6225139 1.5191312 0.3449023 0.3698238 0.0059799 0.4313684 0.7696680 0.4865328 1.3971934 0.3714199 1.6748540 1.1327814 0.4142477 0.7898061 1.5603139 0.4157469 1.5239673 1.5547884 0.5530718 0.7290193 0.4357305 1.4746687 0.7766573 0.7329991 0.0064366 1.4376287 1.8060646 0.4148365 0.4538849 1.5309198 0.9568729 1.6370631 0.8116352 0.4135637 1.3557611 0.4141509 0.4099807 0.1654126 0.6968452 0.4331393 0.0047546 0.2333051 0.6540151 0.4095636 1.6532113 1.6789131 1.5194547 0.3749479 0.8791469 1.4953749 1.5280876 1.4788172 1.6441790 1.4780847 1.0596374 0.0037217 1.3689466 1.6455178 2.0855715 1.3934717 0.7228212 1.5229874 1.4694330 1.7185957 0.4466173 1.4880505 0.7732730 1.6505122 0.4080594 0.4204692 1.3864996 0.2176748 1.4811355 1.3971934 0.6620159 0.2373375 0.0056864 0.6989196 1.5147230 0.0060952 0.4437224 1.6587516 0.3913351 1.7859669 0.6841342 0.6632756 0.4137537 0.1057580 0.0042525 0.6959566 1.8575361 0.4090360 0.4471249 0.0051792 0.0099744 0.6585876 0.9235368 0.7978434 0.4763358 1.6278700 1.6749053 0.7357409 0.5645508 0.6296154 1.5108603 0.4133070 0.1318500 0.4808073 0.6946441 1.5161428 0.6641293 0.4139988 0.3978042 0.4464512 0.2351801 1.6751121 0.2314117 1.6497796 1.5082666 0.0058362 1.5320661 1.6981858 
GCA_910583875.1_MGBC124931                                  0.6778956 1.5108530 0.6283435 0.6323146 1.3493070 0.5939908 0.5916138 0.4875458 1.5873172 0.6511103 1.4928138 0.6556491 0.6031470 0.6269678 0.4921650 0.7262586 0.1733906 0.5507226 1.5887430 1.5976581 0.6390817 0.6343570 0.0000000 0.6519431 1.6469520 0.6040021 1.4623053 0.6018136 2.0368675 0.6347170 1.5338466 0.8078334 0.5753593 0.8373780 0.5857220 0.7571835 0.6345422 1.5396501 0.8478783 0.6645808 1.5375227 0.6613217 0.8938490 1.5365049 1.5170862 1.5605911 1.5327214 0.5729866 0.5989884 0.6354857 0.6124894 0.7560653 0.6578785 1.3482085 0.6069404 1.5786222 1.0293500 0.5777892 0.7582508 1.5334370 0.5782193 1.5338566 1.5378426 0.4828352 0.6975909 0.6082638 1.4968134 0.2116646 0.6847503 0.6289628 1.4719927 1.7344820 0.6064520 0.6414600 1.5069428 0.8705111 1.5829538 0.7825831 0.5770870 1.3146066 0.5873753 0.6049282 0.6310760 0.6502879 0.6023747 0.6555676 0.6887123 0.5795120 0.5930299 1.5838666 1.5866470 1.5000654 0.5678724 0.8328805 1.5156549 1.5283406 1.3966033 1.5765435 1.4630771 0.4631309 0.6346554 1.3176504 1.6566814 2.0714301 1.3491700 0.7195385 1.5508013 1.4695567 1.5922484 0.6451032 1.4809246 0.7332116 1.5979221 0.5938998 0.5875773 1.3188545 0.6725702 1.4767587 1.3491899 0.2080265 0.7532526 0.6732656 0.6630052 1.5074626 0.6535222 0.6271142 1.6174528 0.6177187 1.7525913 0.6517501 0.6358197 0.6125264 0.6491654 0.6426513 0.6509106 1.7852137 0.6205733 0.6307981 0.5968732 0.6381489 0.6028748 0.8565342 0.7175254 0.5876399 1.5485523 1.5844913 0.6772360 0.4874265 0.4976976 1.5226091 0.6034227 0.6463323 0.6639753 0.6565496 1.5048236 0.3953337 0.6028253 0.5777471 0.6315806 0.6926358 1.6103094 0.6674194 1.6097934 1.4991530 0.6256143 1.5179165 1.6552501 
